-0.999544
-0.460479
-0.912328
0.925826
0.944760
0.993581
0.859880
-0.998816
-0.999892
-1.000000
-0.921845
-0.995287
-0.182611
0.943759
-0.999751
0.999985
-0.953822
-0.999958
-0.915719
0.998688
0.999956
-0.999998
-0.971252
0.999647
0.969554
-0.782885
0.794357
0.996532
-0.999767
-0.999996
0.997692
-0.997986
0.999732
-0.999976
0.999989
-0.973531
-0.987525
0.999978
-0.253264
-0.997470
0.950606
-0.999825
-0.999799
-0.266562
0.994532
-0.999998
-0.955879
0.999093
0.838479
-0.993240
0.999913
1.000000
0.064565
-0.961654
-0.997885
0.976852
0.145873
-0.998467
0.689860
0.999993
0.123433
-0.999831
0.987105
0.999912
0.999586
-0.751756
0.303960
-0.997843
0.999997
0.999955
-0.999566
0.985658
-0.918010
-0.807251
-0.964445
0.985927
0.018015
0.999775
-0.999999
0.848759
0.663704
-0.999997
0.997651
-0.999684
0.948049
0.096663
-0.940403
0.927376
-0.995324
0.991955
0.062197
0.532953
0.871918
-0.931849
-0.999910
-0.999705
-0.958814
-0.946331
-0.542355
0.999853
0.846245
0.999993
-0.808592
-0.991701
-0.999983
-0.996529
-0.999998
0.999729
0.952103
0.548571
-0.993837
0.999349
-0.669836
-0.988494
0.440892
0.999987
0.968049
0.997833
-0.958797
0.989543
0.985601
0.905355
-0.947307
-0.999834
-0.986195
-0.999995
-0.999825
0.999314
-0.998284
-0.999993
-0.977831
0.252663
0.999900
0.974557
-0.977210
-0.990178
-1.000000
-1.000000
-0.938874
-0.999779
0.671545
-0.872765
-0.999999
0.999884
-0.994256
-0.875459
0.970282
-0.992749
0.993171
-0.999999
0.338850
0.999956
0.986187
0.637779
0.318630
-0.998824
-0.999996
-0.999997
-0.145242
-0.993170
0.999996
-0.970408
0.999960
0.221455
-0.999963
1.000000
0.998703
-0.999797
-0.617182
-0.998238
-0.351875
0.601605
0.996273
-0.999947
-0.930064
-0.997151
-0.682131
0.997381
-0.999974
0.999999
-0.976857
-0.905657
-0.917975
0.999642
-0.839913
-0.999064
-0.705109
-0.645582
-0.987509
-0.999995
0.817645
1.000000
-0.998343
-0.201240
-0.275017
-0.999677
0.999997
0.999986
0.997520
0.871041
-0.966253
-0.456264
-0.999814
0.841514
0.999218
0.999650
-0.999997
0.980563
-0.999965
-0.999999
-0.942103
-0.995780
0.999513
0.902657
-0.999354
0.803629
-0.670827
0.999539
-0.983370
-0.782442
-0.057924
-0.999965
-0.999889
-0.970950
-0.999280
0.182420
0.907391
0.970203
-0.775632
0.946160
-0.999839
0.435845
-0.999983
-0.998652
-0.999033
-0.968438
0.984897
-0.513064
-0.516344
-0.630751
-0.789455
-0.997425
-0.999868
1.000000
0.838245
0.999738
-0.998598
0.987799
0.982328
-0.977602
-0.958597
0.999372
-0.997323
0.732274
-0.999997
-0.726741
0.999583
-0.999962
0.999982
-0.902598
0.999999
0.999220
-0.974490
0.999995
-0.999853
-0.969136
0.922486
0.940932
0.996579
0.980204
-1.000000
0.999731
-1.000000
0.999952
-0.999026
0.995186
-0.999920
-0.999997
0.855554
-0.999941
0.952367
0.985398
0.997889
-0.999500
-0.999405
-1.000000
-0.998325
0.997381
0.999985
0.337720
-0.995017
-0.991263
-0.999982
1.000000
-0.764234
0.991813
-0.866010
-0.999999
0.760776
-0.998969
0.998877
-0.999846
-0.984500
-0.990755
0.987474
-0.998389
0.997731
1.000000
-0.962130
0.983353
0.998533
0.995324
0.982551
-0.999975
0.993090
-0.997154
0.999773
0.983290
0.852215
0.999948
0.999978
-0.672386
-0.812142
-1.000000
0.946797
0.999977
-0.999796
-0.999660
-0.999109
0.999952
-0.999998
-0.976056
-0.076234
-0.906943
-0.999999
-0.999989
0.995549
-0.999999
0.999802
0.962493
0.999999
0.640617
-0.999993
0.677660
-0.953380
0.999999
0.999985
0.003339
-0.871235
-0.999872
0.919696
0.999295
-0.997096
-1.000000
0.484332
-0.955841
0.998726
0.999992
0.974030
0.984010
-0.999995
-0.999577
-0.999185
-0.927823
0.997256
0.999246
0.990313
-0.998829
-0.533009
-0.996985
0.863482
0.999973
0.997654
0.981468
0.699357
-0.959419
-0.976355
0.322302
-0.999765
-0.999805
0.991360
-0.999837
-1.000000
0.866796
0.998997
-0.826609
0.987502
-0.998451
0.998431
1.000000
-0.999991
-0.832004
-0.996709
0.843636
-0.849692
-0.851977
0.550423
0.661875
-0.999558
0.999999
-0.999999
-0.082773
-0.996964
1.000000
-0.999671
-0.999999
-0.997872
0.993924
0.999713
0.922742
0.999964
-0.999997
-1.000000
-0.999997
-0.990668
0.999665
0.999859
-0.895719
0.999824
-0.999026
-1.000000
0.999999
-0.967554
-0.999969
0.980845
-0.999533
0.862847
0.333000
0.995110
-0.999943
-0.994552
-0.657744
0.991921
0.999933
0.982647
0.999998
-0.991922
-0.945208
-0.998517
0.998672
0.270966
-0.999990
0.999769
-0.998194
0.993389
-0.337157
-0.991219
0.999280
-0.912897
-0.999670
-0.639107
-0.999997
0.999999
1.000000
-0.999610
-0.999941
-0.996885
0.998595
-1.000000
0.350342
0.999138
-0.635015
-0.999987
-0.999669
-0.928918
-0.999968
-0.996860
-0.928004
0.999928
-0.936737
-0.996220
0.999813
-0.636750
0.999988
0.999997
-0.899613
0.388203
-0.999985
-0.999999
0.967265
-0.999999
-0.258509
-0.420086
0.999365
0.999998
0.999829
0.999981
0.432588
-0.999841
-1.000000
-1.000000
0.999913
1.000000
-0.919130
0.997474
-0.999755
0.995430
-0.999104
0.990119
0.999896
0.036969
0.999893
-0.947059
0.943170
0.998038
-0.995420
-0.999798
-0.999887
-0.994884
-0.999999
-0.999532
0.989889
0.999235
-0.999917
-0.579917
-0.821613
-0.799294
-0.598734
0.996396
-0.962827
-0.999003
-0.998176
0.999977
0.983929
-0.819752
0.824916
-1.000000
0.976688
-0.999951
-0.999875
-0.999995
0.066219
-0.245573
-0.999955
0.993320
0.999850
-0.845123
-0.943903
0.218532
-0.921022
-0.999180
-1.000000
0.434459
-0.994299
0.103990
-0.012647
0.979122
0.999912
-0.610670
1.000000
-0.999976
0.999968
0.679616
-0.975369
0.555750
0.999027
0.969142
-1.000000
-0.999950
0.999558
-0.981912
-0.885357
0.999963
0.999997
0.999999
-0.703070
-0.870320
0.962156
0.999933
-0.204639
0.149753
-0.900585
0.838478
0.992917
-0.541027
0.455329
0.778180
0.999623
0.997486
-0.999873
-0.992381
-0.746228
-0.911859
0.999453
0.748915
0.847851
-0.999823
-0.949261
-0.998981
0.997997
-1.000000
-0.962865
0.990132
-0.999994
0.971145
-0.516164
0.700626
-0.995430
0.986382
0.949897
-0.999306
0.206571
-0.948146
-0.995494
-0.937291
0.998797
-0.444230
-0.988954
0.993945
-0.994306
0.982798
0.998698
-0.998793
0.999879
0.635679
0.987648
-0.999969
-0.999942
-0.999201
0.967583
0.999796
0.999943
-0.626126
0.963785
0.955407
0.901682
0.997246
0.999984
0.989746
1.000000
0.138760
-0.176242
-0.985393
0.994464
-0.992967
-0.850172
-0.804568
-0.158396
0.191650
0.992939
-0.999078
0.718147
-0.986039
-0.106939
0.991807
-0.999969
-0.151081
0.999986
-0.885939
-0.392929
-0.994388
-0.999895
0.627892
0.998432
-1.000000
-0.999650
-0.994197
-0.626247
-0.100787
0.966786
-0.716081
-0.975656
0.948110
-0.989924
0.992704
0.999804
0.999687
-0.219514
-0.999553
-1.000000
0.964998
-0.927156
-0.999685
-0.962801
0.999975
-0.999752
-0.874685
1.000000
0.997405
0.999236
0.999795
-0.968212
0.999999
0.998455
-0.999983
-0.986490
-0.777539
-0.947979
-0.722328
0.998705
-0.999711
0.999998
0.958735
-0.027421
-0.837855
0.997173
0.913026
0.995491
0.820826
-0.999603
0.988371
0.550924
0.935254
-0.828828
0.620055
-0.999402
-0.042717
-0.999999
0.999989
1.000000
0.769085
-0.990107
-0.999859
0.999713
0.999389
0.976160
0.995042
0.992962
-0.999994
-0.446434
-0.978730
-1.000000
-0.838721
0.971395
0.998914
0.999679
-0.610859
0.999490
0.924292
0.987048
0.999417
0.493193
-0.731246
-0.717499
-0.999998
0.999980
-0.105626
-0.999362
0.999949
0.999722
0.984007
0.999877
-0.770164
0.950518
-0.999487
-0.999640
-0.983612
0.999466
0.999937
0.910295
0.994745
0.377113
0.996551
-0.975334
0.967604
0.902684
-0.988905
0.999988
-0.994370
0.997535
0.987562
-0.048499
-0.993652
0.998206
-0.999998
-0.999622
-0.987998
0.178462
-0.756400
0.320082
-0.546527
-0.894189
0.999998
-0.996466
0.996856
0.988133
0.990317
0.901248
0.672580
0.981480
0.903019
0.935872
-1.000000
-1.000000
-0.999925
0.915841
0.987260
-0.599202
0.999739
0.820111
-0.353565
-0.942837
0.983301
0.999961
0.997171
0.999781
-0.933260
-1.000000
-0.995952
-0.977718
0.448477
0.771918
-0.394021
-0.998280
-0.933558
1.000000
-0.086402
0.990332
0.976608
-0.998640
0.945357
0.433440
-0.996492
-0.999436
-0.992335
-0.995016
0.052107
0.960767
-0.673884
0.999999
-0.918962
0.249054
0.580504
0.999722
0.467859
0.999998
0.969147
-0.998045
-0.778413
0.999974
0.998948
-0.927804
0.968791
-0.953400
-0.992203
-0.999999
0.214397
0.909525
-0.889433
0.994533
-0.973863
-0.315988
0.999964
0.973403
0.995044
0.991229
-0.999998
0.974929
0.955999
-0.999999
0.814382
0.993710
0.984202
0.999996
-0.583821
-0.787563
-0.963553
0.999993
0.999626
-0.251081
0.975634
0.859349
-0.201279
-0.274995
-0.966573
-1.000000
0.913886
0.834649
-0.364563
0.999992
0.459798
-0.259704
-0.999990
-0.989177
-0.999728
0.219706
0.992843
0.999987
-0.603593
0.999720
-0.978410
-0.061371
0.939998
-0.937489
0.270931
0.983711
0.999545
-0.994592
0.961962
-0.691275
-0.988048
0.958841
-1.000000
0.990085
-0.934369
0.775634
0.866914
-0.716312
-0.779287
-0.974343
0.978641
0.971655
0.175197
-0.980835
-0.928424
0.993847
0.996435
0.868100
0.999993
0.940860
-0.999999
0.415496
-0.999995
0.319026
-0.980860
-0.944005
0.987030
-0.906524
-0.712390
0.618378
-0.964493
-0.466797
0.975289
-0.001045
-0.999956
-0.999991
-0.983469
0.826999
0.772678
0.753545
0.983455
-0.215222
-0.995560
0.999998
-0.174159
-0.940075
0.182302
-0.648441
-0.989972
0.621751
-0.636867
-0.999989
-1.000000
-0.999247
-0.907037
0.993211
-0.299231
0.999999
-0.584107
0.961918
-0.994167
0.978261
0.999810
-0.797338
0.945506
-0.999495
0.992000
-0.873345
-0.884228
0.015895
-0.385411
0.896142
-0.959314
-1.000000
-0.519614
0.985166
0.096629
0.951358
0.987654
-0.269272
-0.853645
0.992053
0.994542
0.999302
-0.999987
0.997446
0.940431
-0.999994
-0.997159
-0.996801
0.201020
0.924029
0.641783
0.991154
0.996412
0.992337
-0.604769
-0.921741
0.526364
-0.999948
-0.929867
0.889117
-0.999799
-0.983315
0.826261
0.999994
-0.971259
0.973910
-0.967530
-0.998102
-0.999943
-0.995453
-0.999991
-0.913928
0.995607
0.999999
0.938454
0.926594
-0.222314
-0.803228
-0.831046
-0.410714
0.485574
0.999706
0.601547
-0.976790
0.996153
0.536885
0.995561
0.965667
-0.994003
0.963343
-0.998393
0.038702
-0.254763
-0.982152
0.981696
-0.998632
0.999332
0.999310
0.888342
-0.984017
-0.999983
-0.988513
0.827196
0.973648
-0.998750
0.479670
-1.000000
-0.999161
0.896456
0.770595
0.921303
-0.976832
0.982756
0.982866
0.936576
-0.998709
0.994494
0.343905
0.323573
-0.996306
-0.786873
-1.000000
0.775313
-0.999439
0.961408
0.967543
-0.999885
-0.813383
-0.882856
1.000000
-0.953863
0.984044
0.717736
0.278130
0.996931
-0.998162
0.970862
-0.999986
-0.999996
-0.993835
-0.990860
0.898714
0.947143
1.000000
0.713073
-0.961413
0.999878
0.977092
0.999844
-0.874853
-0.490900
0.969873
-0.993342
0.612512
0.993171
0.999998
0.320888
-0.897402
-0.990836
-1.000000
0.997259
0.649948
0.978558
0.990260
-0.845486
0.975763
0.996868
-0.785932
-0.819096
0.993384
-1.000000
0.786344
0.912675
-1.000000
-0.997233
-0.828157
0.998408
0.999710
-0.899073
0.999992
0.926837
0.882479
-0.990241
-0.802757
-0.993900
-0.998893
0.917598
0.701865
-0.995928
-0.999999
0.993919
-0.943252
0.626478
0.999935
-0.975770
0.996884
-0.930336
-0.997608
-0.820956
-0.999963
0.499684
0.999986
-0.988677
-0.964284
-0.009687
0.122839
-0.853283
-0.998778
-0.945480
0.999890
-0.901127
-0.599652
0.951933
-0.651872
0.979399
-0.997890
0.688384
0.999831
-1.000000
0.678633
-0.998047
-0.606734
-0.951235
-0.901489
0.999565
-0.963965
0.417574
0.999998
-0.991063
-0.995197
-0.800819
0.967261
-0.892647
0.670251
-0.999999
-0.999936
-0.997057
0.178805
0.999964
0.983631
0.998024
0.976905
-0.729075
-0.989520
0.223339
-0.784482
0.998228
0.897307
-0.999817
-0.999952
0.889630
-0.760458
0.449170
-0.998738
-0.548901
-0.999962
-0.997278
0.999996
0.998739
0.166890
0.998672
0.393978
0.359480
-0.707914
-0.998647
-0.999992
-0.999040
0.995674
0.997763
0.978980
-0.440960
0.999989
-0.999691
0.810327
-0.954530
0.999450
0.999994
0.817083
0.933677
-0.999962
-0.971515
-0.971801
0.999822
0.827143
0.999843
0.946440
-0.908573
-1.000000
0.978395
0.988784
0.889904
0.989166
-0.999668
0.994742
0.991374
0.997252
0.999832
0.999692
-0.999992
0.356550
-0.993694
-0.999999
0.490166
-0.997633
0.552755
0.999837
-0.992007
-0.977999
0.935710
0.996120
0.998274
0.998591
0.962073
-0.987505
-0.976867
0.999949
-0.999519
-1.000000
0.997391
0.990855
0.996272
0.958502
0.579386
-0.892554
-0.999994
-0.999977
0.920979
0.090921
0.742184
-0.992086
0.994941
0.999981
-0.804461
-0.999963
-0.580727
-0.788153
0.286354
0.994949
-0.684492
0.999941
0.981309
0.908554
-0.895310
0.873521
-1.000000
-0.999968
-0.998244
-0.995324
-0.999113
-0.639306
-0.949471
-0.983949
0.976533
0.999994
0.986793
-0.999986
-0.999952
-0.999975
0.999986
0.999083
0.988599
0.985143
-0.999950
1.000000
-0.999998
-0.999963
-0.997895
-0.796845
-0.334911
-0.999996
0.794300
0.999948
0.890436
0.894811
-0.574181
-0.988656
-0.999777
-0.999998
0.975296
-0.999956
0.996808
0.985618
0.999955
0.693292
-0.999923
1.000000
-0.990239
0.999695
0.257283
-0.999917
-0.998947
-0.928269
0.999968
-0.999999
-0.999912
-0.999904
-0.997951
-0.986232
-0.988162
0.999998
0.624666
0.722804
0.999550
0.999962
0.991356
-0.999998
0.995995
0.997633
-0.990846
-0.984495
0.355154
0.999996
-0.994896
-0.795048
-0.999997
-0.999983
0.999981
0.999810
-0.999017
0.333571
0.992205
0.196175
-1.000000
-0.999965
0.540954
-0.976928
-0.999999
-0.999532
0.996078
-0.999980
0.998869
0.976026
0.999976
-0.993083
-1.000000
0.955162
-0.969239
1.000000
0.999619
-0.776161
-0.515139
-0.999986
-0.999973
-0.991360
-0.999705
-0.999973
0.999778
0.999881
0.908764
0.987745
-0.841124
0.909594
-0.999089
0.001276
-0.999998
-0.999761
0.992920
0.999460
-0.999997
-0.998922
0.771677
-0.999865
0.843524
0.999899
0.813150
0.996191
-0.942713
-0.970604
0.994179
-0.927837
-0.730253
-0.988017
0.997679
0.898563
-0.999998
0.999999
-0.957266
0.422777
-0.999800
-0.648434
0.999731
0.997316
-0.820014
-0.999474
-0.999997
-0.999348
0.963864
0.890155
0.917338
0.773885
-0.999999
0.999616
-0.999986
-0.750798
-0.994219
-0.873313
0.397971
-1.000000
0.993312
0.999637
-0.593655
0.999717
-0.026722
-0.993101
-0.999987
-1.000000
-0.882856
0.975380
0.998625
0.337143
0.999994
-0.999993
-0.998003
1.000000
0.996930
0.971975
0.980453
0.152955
0.914643
-0.492299
-0.999903
-0.999950
-0.998889
-0.999978
-0.940193
-0.997140
-0.996606
0.999999
0.927576
-0.845017
-0.996621
0.994155
0.737843
0.999289
0.836900
-0.941160
0.788662
0.827762
0.978832
0.994219
-0.991980
0.727452
-0.964534
-0.999967
0.999968
1.000000
0.964990
0.854377
-0.761725
-0.130994
-0.999992
0.880811
0.999991
0.876128
-0.999986
-0.996489
0.721534
-0.999999
0.999915
0.999918
0.998688
0.999776
-0.991629
0.486224
0.928540
0.999986
0.847990
-0.587519
-0.999809
-0.999910
-0.995850
-0.881485
-0.695701
-0.999960
-0.968681
0.997557
-0.998212
0.999796
-0.986633
-0.999733
-0.999678
-0.999967
-0.998697
0.996549
0.999992
0.998430
0.989271
-0.935625
0.259051
-0.998943
0.456662
0.999992
0.807810
0.999748
-0.991422
-0.875511
0.983024
-0.999457
0.863357
0.913967
-0.998989
-0.999984
-0.991652
0.980022
-0.996366
0.999623
0.355558
-0.681492
0.978467
0.999954
0.736086
-0.999155
-0.997409
-0.933854
0.376138
0.999724
-0.999464
-0.999529
-1.000000
-0.971191
-0.998534
0.799372
1.000000
0.912058
0.779818
0.982214
0.879920
-0.999602
0.996930
-0.979007
0.996832
-0.999726
-0.984530
-1.000000
-0.982010
0.999459
0.584344
0.972353
0.964439
-0.999855
-0.999993
1.000000
0.990874
0.828902
0.972793
-0.956415
0.935308
-0.999948
0.993915
-0.999999
-0.990308
0.999927
0.990868
0.999836
-0.529027
1.000000
-0.765281
-0.782649
-0.998925
0.933452
0.999997
-0.997051
-0.987838
-0.999936
-0.987487
-0.878512
0.977905
0.999589
0.854798
0.957284
-0.715188
-0.999997
0.997555
0.999993
-0.995285
0.918005
-0.294130
-0.993564
0.998701
0.999794
-0.049626
-0.762637
-0.999998
0.972274
-0.997919
-0.999999
-0.999893
-0.991019
0.981805
-0.730021
-0.991152
0.998758
-0.980429
-0.958769
-0.961794
0.704415
0.503883
-0.999818
-0.995686
0.996070
-0.999810
-0.999990
0.974174
0.995909
-0.814121
0.999797
0.554902
0.995262
-0.999990
-0.999915
-0.971647
-0.997624
0.999924
0.996641
0.992884
0.999771
0.798547
-0.999997
0.983636
-0.988224
0.643031
0.823418
-0.990933
0.957112
0.743707
-0.984229
0.984355
-0.957197
-0.997819
-0.999219
-0.999933
-0.715248
-0.998608
-0.990315
-0.998506
0.998132
0.997043
0.999983
0.966583
-1.000000
-0.999936
-0.999994
0.995506
0.705800
0.999982
0.888924
-0.999983
0.999996
-0.999971
-0.999333
-0.889984
-0.984431
0.695475
-0.999984
0.993362
0.999999
-0.872863
-0.584352
0.257068
-0.999170
-0.999677
-1.000000
0.753027
-0.999092
0.999454
0.959878
0.999989
-0.363243
-0.999997
1.000000
-0.977565
0.674414
0.852707
-0.999991
-0.982378
-0.999998
0.999795
-0.999999
-0.994138
-0.999984
-0.998840
-0.991052
-0.999335
1.000000
0.928714
0.607964
0.960694
0.948104
0.899973
-0.999999
0.719591
0.090545
-0.999058
-0.994854
0.963480
0.999983
-0.999979
0.077320
-0.998955
-0.999889
1.000000
0.999992
-0.997542
0.990600
0.987828
-0.138561
-1.000000
-0.968100
0.998819
-0.764189
-1.000000
-0.968462
0.999971
-0.999992
0.995673
0.016496
0.999992
0.584525
-0.999520
0.999932
-0.997721
0.982234
-0.136292
0.712390
0.775145
-0.999989
-0.999983
-0.988387
-0.965638
-0.969070
0.997758
0.999058
-0.986817
0.996235
-0.999763
0.587319
-0.999582
0.999774
-0.999999
-0.999919
0.988787
0.999973
-0.996525
-0.982914
-0.951929
-0.995995
0.894433
0.999842
0.999939
-0.313127
-0.999883
0.235702
0.016435
-0.995566
0.992934
-0.985512
0.992378
0.932174
-0.999999
0.974403
-0.999955
-0.962335
-0.975365
0.145000
0.998472
-0.999999
0.639529
0.999991
0.853288
-0.999988
0.369252
0.997452
0.232279
0.431261
-1.000000
-1.000000
-0.997188
0.146608
0.839354
-0.547935
0.233927
-0.989525
-0.995280
-0.999892
0.999902
0.974684
0.988736
0.999935
0.924697
-1.000000
0.975383
-0.999078
-0.997351
-0.996636
-0.999955
0.985376
0.923042
0.999998
0.203459
-0.949235
-0.982754
0.992434
-0.841522
0.954630
-0.999890
-0.999970
-0.931446
-0.995073
0.991686
-0.989065
-0.995336
0.999997
0.607025
-0.593378
0.994003
-0.943804
0.999721
0.999328
-0.019991
-0.999999
0.894895
0.526512
0.852547
-0.997250
0.716218
-0.108781
0.991253
-0.999999
-0.983396
-0.141670
-0.044360
0.997188
-0.994934
-0.950133
1.000000
-0.987593
-0.977747
0.999193
-1.000000
0.917119
0.840614
-1.000000
-0.217955
-0.658924
0.908891
0.959411
-0.998251
0.954875
-0.975776
0.699116
-0.945414
-0.891039
0.221419
0.999990
0.997517
0.996177
0.999494
-0.999983
0.999346
-0.264691
0.983499
0.999123
0.998274
0.999638
-1.000000
-0.049815
-0.699925
0.999999
0.989158
0.997146
0.808456
0.921494
0.818337
0.979941
0.997581
-0.999838
-0.816681
0.999794
-0.764700
0.991696
0.991940
0.924230
-0.898648
0.999981
-0.999999
0.758318
-0.901260
-0.780625
0.999999
0.854951
0.819513
-0.981742
0.919808
-0.999996
0.993508
0.999984
-0.999931
-0.254323
0.988163
-0.608113
0.912747
0.999985
-0.999810
-0.999889
-0.995222
-0.385844
-0.999546
0.009223
0.335256
0.245145
0.994057
0.997245
0.999380
-0.999348
0.979007
-0.518229
-0.968623
-0.999552
-0.999056
-0.823491
0.993904
-0.839854
-0.967613
-0.996226
-0.987178
0.999961
-0.174658
-0.534980
-0.995908
-0.979940
0.694579
0.995807
-0.999993
-0.999940
-0.999997
0.844967
-0.953793
0.999866
-0.999567
0.999958
-0.999965
0.560105
-0.999990
0.999967
0.999998
0.996320
0.999503
-0.875901
-0.775509
-0.034341
0.991942
0.932129
0.999796
0.989148
-0.999998
-0.999999
-0.989015
-0.671220
0.999416
0.965982
-0.995533
-0.328194
0.999750
-0.781890
0.996986
0.999892
-0.999993
0.999994
-0.992927
-0.999149
-0.914278
-0.957249
0.708229
0.340553
-0.995345
-0.878106
0.776563
0.999989
-0.626142
0.939831
0.977476
0.249999
0.999937
0.984558
-0.999998
-0.993828
0.999894
-0.019253
-0.707443
0.818840
-0.996001
-0.517088
-0.998906
-0.900814
-0.638490
0.993424
0.775240
0.769903
-0.997020
0.999863
-0.976078
0.834947
-0.996861
-0.953316
0.999609
0.998530
0.999962
-0.999803
0.992254
0.999944
-0.823809
0.462486
-1.000000
0.998900
-0.999871
-0.989166
0.999082
-0.942154
-0.983313
0.238820
-0.393031
-0.996713
-0.559073
0.982660
-0.999962
0.999154
-0.963205
0.969243
0.921852
-0.543807
-0.999980
-0.999759
-0.935252
-0.476941
-0.998453
0.382464
-0.986416
-0.996910
0.887367
0.995469
-0.525609
0.822846
-0.956688
-0.999303
-0.505995
-0.999939
-0.999811
-0.975490
0.990051
-0.991753
-0.996625
-0.981595
-0.998434
0.999993
-0.838631
-0.819371
0.887978
0.996876
0.543396
0.713655
-0.994326
-0.976906
-0.811755
-0.133694
0.855870
0.942378
0.947664
0.999969
0.988769
0.134543
-0.989219
0.210499
-0.743035
0.996567
-0.451805
-0.999371
0.985312
0.853594
0.998896
0.992361
0.999930
-0.968255
0.999191
-0.996668
0.918381
0.999972
0.674680
0.175452
-0.999659
0.790798
0.897278
0.995304
0.995457
-0.998234
-0.999980
-0.978547
0.998680
-0.999825
0.927674
0.908269
0.996824
0.994896
-0.916827
0.075189
0.849829
-0.614236
-0.002415
0.407620
0.947851
-0.314836
-0.999384
0.620798
0.972960
-0.912655
0.573472
-0.366846
0.296041
0.999994
0.871000
0.978190
-0.982365
-0.999990
-0.997032
0.997947
0.616981
0.999997
-0.999481
0.866543
-0.997336
-0.988696
0.557330
0.985276
0.917778
0.535964
0.853847
0.124612
-0.818688
0.985762
0.540353
0.812706
-0.999970
-0.978768
-0.994711
-0.962965
-0.683637
0.999895
-0.605148
-0.997988
0.998321
0.800816
0.352083
0.950889
-0.998705
-0.545337
-0.458574
0.969269
-0.913563
-0.818410
-1.000000
-0.959754
-0.965794
0.999707
0.715544
0.877576
0.999780
-0.994872
0.979192
-0.998952
0.995911
0.299944
0.941732
-0.999153
-0.988279
-1.000000
-0.997508
0.577777
-0.997780
-0.989394
-0.999247
0.600718
-0.989716
1.000000
0.995343
0.473008
-0.614908
-0.453618
-0.419854
0.991165
-0.995633
-0.999864
-0.999412
0.791779
0.774686
0.999152
-0.866022
1.000000
0.999188
-0.993955
-0.966608
0.482487
0.982442
0.737385
-0.999834
-0.999999
0.329720
-0.915663
-0.996690
-0.887831
0.986769
0.976606
0.333690
-0.999998
0.944822
0.999833
-0.413800
0.999475
-0.992838
0.960414
0.999583
0.975730
0.999381
0.491184
-1.000000
0.999669
0.894288
-1.000000
-0.870295
-0.470400
0.999379
0.998421
0.345738
0.997132
0.635984
0.848247
0.966146
-0.968462
0.985744
-0.980825
0.608729
0.167608
-0.999688
-0.917558
0.411500
-0.968924
-0.984992
0.999947
-0.997175
0.999953
-1.000000
-0.618873
-0.558097
-0.804143
0.994148
0.999999
-0.958577
-0.996388
0.707115
0.960238
-0.994601
0.992691
0.992572
0.999435
-0.993162
-0.952303
0.985884
0.999886
-0.999999
-0.999474
-1.000000
0.992337
-0.999015
-0.073083
0.999679
0.994016
0.996056
-0.988244
0.734385
0.817907
0.079936
-0.985643
-0.996911
0.999985
0.856749
0.948229
0.999976
0.954288
-1.000000
-0.998641
-0.999879
0.979044
-0.953254
-0.997838
0.320264
0.999294
-0.552563
-0.959223
-0.998922
0.992169
0.983778
-0.990695
-0.993105
-0.999999
0.828886
0.958705
-0.488881
0.993280
-0.977093
-0.988916
-0.530691
0.999999
-0.975357
0.912344
0.915866
-0.958876
0.981716
-0.999952
-0.817890
-0.994229
-0.999996
-0.938393
-0.502108
-0.933984
-0.995741
0.999998
-0.298195
0.974326
0.982115
-0.979306
0.999733
-0.939825
0.935895
-0.999730
-0.936402
-0.999735
-0.603475
-0.793455
-0.146249
-0.813383
-0.890100
-1.000000
-0.952706
0.999827
-0.154131
0.894916
0.956158
0.990713
0.951872
0.999855
0.992733
0.999934
-0.999997
0.995435
0.907560
-0.999999
-0.880775
0.999757
0.984846
0.999546
-0.937349
0.999599
0.996067
0.999526
0.234655
-0.878865
-0.864750
-0.999496
0.999041
-0.993301
0.918079
-0.996062
0.708390
0.998163
-0.986722
0.995764
-0.999093
-0.972897
-0.999995
-0.889091
-0.998026
-0.990905
0.792641
0.999997
0.955776
-0.987874
-0.610550
0.999191
-0.996840
-0.984176
-0.997920
0.999909
-0.981595
-0.716311
0.999747
-0.998443
-0.983889
-0.997968
0.999290
0.999905
-0.999934
0.254581
-0.999835
-0.851812
-0.999973
-0.806686
0.997756
0.999996
0.989162
-0.999997
-0.999955
-1.000000
0.767811
0.340561
-0.998928
0.857452
-0.999995
0.999964
-0.999057
-0.999855
0.703352
0.081687
0.999876
-0.999984
-0.028804
0.999795
0.998508
-0.502213
-0.995993
-0.991712
-0.998372
-1.000000
0.757151
-0.999503
0.999983
0.926418
0.999987
-0.012497
-0.988362
1.000000
-0.998653
0.990303
0.260296
-0.999985
-0.987484
-0.998932
0.999797
-0.999997
-0.999795
-0.999103
-0.998135
-0.986763
-0.997945
1.000000
0.799292
-0.903509
0.996841
0.994127
0.147975
-0.999094
-0.921324
0.993548
-0.999849
-0.998031
0.901178
0.999994
-0.997531
-0.999533
-0.999216
-0.991825
1.000000
0.999831
-0.993989
0.999980
0.930191
-0.949212
-0.999965
-0.999831
-0.294127
0.988238
-1.000000
-0.997849
0.999791
-0.999999
0.999202
0.961136
0.998469
-0.856098
-0.999982
0.999342
-0.997956
0.999987
0.531968
-0.273821
0.518084
-0.997843
-0.999591
-0.949846
-0.999462
-0.999902
-0.710674
0.985872
0.339913
0.997636
-0.027140
0.990000
-0.999980
-0.994249
-0.999975
-0.999996
0.990094
0.943304
-0.996369
-0.749238
-0.532446
-0.999999
0.999832
0.999912
0.991935
0.987814
-0.997820
0.232564
0.665007
-0.997269
-0.751617
-0.990736
0.995459
0.429752
-0.999956
0.999908
0.986330
0.263080
-0.939974
0.976171
0.999938
0.998614
0.968723
-1.000000
-0.999968
-0.999995
0.999274
0.984041
0.988135
0.997258
-1.000000
0.999865
-0.999621
-0.863019
-0.999929
-0.644437
0.978335
-0.993558
0.897549
1.000000
-0.883608
-0.720692
-0.865691
-0.999891
-0.999985
-1.000000
0.978627
-0.991797
0.950097
0.282166
0.999552
-0.947520
-0.999999
1.000000
-1.000000
0.774386
0.993836
-0.999854
0.988559
-0.950734
-0.427202
-1.000000
-0.999692
0.520966
-0.423458
0.736203
-0.997251
1.000000
0.822754
-0.938229
-0.987007
0.999977
0.896869
-0.988245
0.980377
-0.999700
-0.998842
0.998484
0.871478
0.963390
0.894695
-0.771018
-0.998024
-0.999984
-0.988067
0.932617
0.999647
0.998209
0.981363
0.988809
-0.999882
-0.690150
0.853189
0.982158
-1.000000
0.996832
0.997139
-0.999998
0.975632
0.974211
0.999948
0.998490
-0.897419
0.998946
-0.984645
0.862022
0.820491
-0.992898
0.291014
-0.991258
-0.999995
-0.329289
-0.981530
-0.972497
0.999998
0.997761
-0.999880
0.999931
-0.998438
0.969657
-0.999863
-0.475919
-0.999981
0.414667
-0.750389
0.999331
-0.998135
-0.987874
-0.851663
0.998368
-0.999169
0.999970
0.961662
0.999612
-0.999913
-0.262094
-0.584105
-0.973829
-0.987542
-0.997350
-0.999048
0.999990
-0.996383
-0.353404
-0.998936
-0.991931
-0.079026
0.997041
0.761500
-0.997522
0.004393
0.988042
0.331055
0.949614
-0.833858
0.999997
-0.302691
-0.996856
-1.000000
-0.999968
-0.999968
-0.856665
-1.000000
0.673383
-0.492554
-1.000000
0.983937
-0.995876
-0.797458
0.999538
0.998415
0.941436
0.318580
-1.000000
-0.999998
-0.651653
0.866399
-0.905671
0.999974
-0.996828
0.531805
0.999998
0.996512
0.999790
0.999899
0.993759
0.016541
-0.833685
-0.999950
-0.999983
-0.999270
0.744674
-0.999995
0.999876
0.958860
0.999999
0.999980
-0.985573
-0.999965
-0.000472
-0.924704
0.999998
-0.999827
-0.946718
0.999998
0.999998
0.999994
0.672542
0.625555
0.999448
0.996033
-0.997046
0.999957
0.978358
-0.356815
0.997784
-0.996181
-0.971448
0.999531
0.656173
0.110384
-0.999681
-0.999998
0.999592
0.931760
-0.999997
-0.631187
-0.999997
0.466783
-0.295282
0.999531
-0.994029
-0.108476
-0.118500
-0.981306
-0.999894
0.999999
-0.334519
-0.999955
0.999961
-0.990354
-0.999758
0.998978
0.999909
-0.862371
0.999994
-0.263202
-0.946905
-1.000000
-0.995391
-0.947539
0.998659
0.958981
1.000000
0.999654
0.992684
0.999945
0.966137
0.997956
0.999645
0.994378
0.998956
0.788571
0.582099
-0.551655
0.995417
0.981275
0.999921
-1.000000
-0.990876
-0.584796
-0.696175
-0.999800
-0.077574
-0.999645
0.900920
0.994801
0.999734
0.800416
-0.999956
-1.000000
-1.000000
-0.944280
-0.999535
0.957117
-0.277882
-0.999989
0.999966
-0.972161
-0.875813
0.987289
-0.804807
0.383622
-0.999480
0.501901
0.999928
0.965577
-0.155274
-0.803058
-0.987216
-0.999991
-0.999993
0.769695
-0.999243
0.999951
-0.971853
0.999864
0.488350
-0.999990
0.999999
0.679136
-0.995446
0.968250
-0.999974
-0.995492
-0.995862
0.999940
-0.999993
-0.949563
-0.989896
-0.997457
-0.999343
-0.999973
0.999999
-0.815817
-0.560450
0.998589
0.997419
-0.130246
-0.999954
-0.612701
-0.960288
-0.999412
-0.999997
0.650869
0.999998
-0.999667
-0.996511
-0.975316
-0.965937
0.999994
1.000000
-0.984424
0.994069
0.269402
-0.999069
-0.999983
0.850368
0.992482
0.986864
-1.000000
-0.998884
0.731996
-0.999999
0.999947
0.964507
0.999866
0.639241
-0.999992
0.999903
-0.995764
0.999691
-0.796993
0.666516
0.480339
-0.985803
-0.999992
-0.999347
-0.996391
0.475614
0.860486
0.969936
-0.952771
-0.907429
-0.959840
0.832410
-0.999852
-0.754847
-0.999993
-0.999758
0.998489
0.960560
-0.952005
0.107372
-0.547603
-0.999997
0.233476
0.999991
0.866380
0.988262
-0.999893
0.999948
0.987498
-0.991474
-0.078656
0.427000
0.999434
-0.977415
-0.999942
0.181962
0.593229
-0.999938
-0.863773
0.951987
0.991407
1.000000
-0.996553
-0.999999
-0.999322
-0.999713
0.930665
-0.734490
-0.649222
-0.899949
-0.999999
-0.999803
-0.096643
0.965444
0.977267
-0.996891
0.981139
0.991670
-0.960738
0.999793
0.999140
0.356473
-0.999998
-0.999839
-0.499249
-0.999999
0.998457
0.995163
0.867545
-0.227914
-0.999984
0.772819
0.195346
0.999999
-1.000000
0.595459
-0.867373
0.999682
0.236285
-1.000000
0.939468
-0.999931
-1.000000
0.620065
0.992444
0.998552
0.999959
1.000000
-0.739864
-0.871926
0.999151
0.999644
-0.983507
-0.985752
-0.912674
0.954365
-0.441429
0.999950
0.999504
0.999836
0.987036
-0.976249
0.893518
-1.000000
0.997323
0.996393
0.999947
-0.972617
0.993804
0.811692
0.999940
-0.999768
0.818453
-0.970360
-1.000000
-0.999416
0.916835
-0.999998
-0.999365
0.999998
0.998768
0.999988
0.736795
0.999979
0.234820
0.949673
0.986622
-0.994165
-0.999127
0.992019
-0.998017
-0.888309
-0.911659
-0.997219
0.999498
-0.999419
0.031566
1.000000
0.942106
0.998477
0.999994
0.997677
-0.996263
-0.999999
0.998821
0.999787
-0.996785
0.808932
-0.955970
-0.999890
-0.762829
-0.998087
0.995089
0.993504
-0.994867
-0.977249
0.983053
-0.998962
0.998697
-0.999998
0.999964
-0.634119
-1.000000
0.032243
0.999795
-0.998644
-0.989724
-0.742581
0.974601
0.999987
-0.910944
-0.999999
-0.999993
-0.999994
-0.128473
0.172615
0.943686
-0.998891
-0.999975
1.000000
-0.999586
-0.988506
0.918778
0.897220
-0.801795
-0.999190
0.520267
1.000000
0.998162
0.994744
-0.999778
-0.999917
-0.999930
-1.000000
0.999774
-0.983201
0.980123
0.955092
0.999980
0.968951
-0.774441
0.999998
-0.967902
-0.984765
0.999978
-0.985536
-0.448800
0.788746
0.979451
-0.999991
-0.999775
0.997315
-0.997608
-0.852757
-0.999974
0.999999
-0.560497
-0.618854
0.999930
0.997446
0.872778
-0.999845
-0.903185
-0.983028
-0.999562
-0.979761
-0.930837
0.999997
-0.984080
-0.999765
-0.982721
-0.952731
0.999814
0.998750
0.998499
0.522379
0.998993
0.997795
-0.999872
-0.673449
0.996409
0.994385
-0.999998
0.997231
0.901280
-0.999999
0.134170
0.988731
0.999993
-0.393604
-0.999697
0.996889
0.957066
0.999477
0.993206
-0.994539
0.998936
-0.999852
-0.999660
-0.988732
-0.999874
0.638642
0.899167
0.999938
-0.947549
0.999655
-0.999987
0.968748
-0.999987
-0.951399
-0.999997
-1.000000
-0.903727
0.613885
-0.996858
-0.999129
-0.583156
-1.000000
-0.867999
1.000000
0.998291
0.992749
-0.998069
0.966570
0.999703
0.962018
-0.266575
-0.980928
-0.789665
0.965906
-0.999998
0.997249
0.778873
-0.963997
0.997265
0.999654
0.945448
0.992126
-0.999256
-0.999999
-0.999992
-0.999967
0.952610
-0.893897
0.999922
0.158262
-0.999999
0.999732
-0.998945
-0.960473
-0.761467
-0.984306
0.984413
-0.999916
0.642675
0.999685
-0.992147
0.894332
0.676676
-0.949784
-0.999584
-1.000000
0.907629
-0.925352
-0.026368
0.983713
0.999356
0.557408
-0.978936
0.999993
0.964783
-0.912729
0.984397
-0.963659
-0.889380
-0.994038
-0.768169
-0.999973
-0.986161
0.222050
0.452406
0.993889
0.981521
1.000000
0.804413
-0.939618
-0.080616
0.979250
-0.292378
-0.999916
0.797938
-0.985095
-0.957191
0.997536
0.981994
0.999935
0.285084
-0.655039
-0.607310
-0.997977
0.999994
0.999999
-0.858292
0.990877
-0.997823
-0.632869
-0.999699
0.829605
0.998453
0.833944
-0.999999
-0.961951
-0.017677
-0.999998
0.995706
0.946218
0.991364
0.945964
-0.605446
0.997719
-0.847344
0.746333
0.864434
-0.989815
-0.297747
-0.999994
-0.975243
-0.994569
-0.299357
-0.744334
0.714415
0.997471
-0.999989
0.999974
-0.955508
-0.995334
-0.999995
0.848134
-0.999997
0.853385
0.861610
0.999998
0.996071
0.969259
-0.590221
-0.516600
0.958040
0.999979
0.951143
-0.812247
-0.999998
0.958773
-0.629663
-0.991911
0.999021
-0.975205
-0.995054
-0.972613
-0.999708
-0.494178
0.955872
0.998104
0.831494
-0.155775
0.893210
0.999999
0.736283
-0.999942
-0.946129
-0.696693
0.999231
-0.803650
-0.994265
0.756829
-1.000000
-0.990702
-0.995182
0.983422
0.998769
-0.998865
0.999198
0.996619
-0.201373
-0.999149
0.924764
-0.994998
-0.909774
-0.999585
-0.990423
-1.000000
0.904619
0.998978
-0.336071
0.276232
-0.999712
-0.889358
-0.900868
0.999999
-1.000000
0.988409
0.081562
-0.995953
0.987709
-1.000000
0.960446
-0.999983
-1.000000
0.997525
0.999172
-0.980812
-0.996605
0.999998
-0.658462
0.512962
0.991835
-0.986153
0.998118
-0.999808
0.612011
0.188344
-0.998884
-0.997120
0.997207
0.966052
0.816607
-0.985241
-0.919526
-1.000000
0.997398
0.996030
-0.948234
0.998762
-0.955167
0.574303
0.999649
-0.687090
-0.772230
0.997026
-0.999999
0.999140
0.997734
-0.999994
-0.999714
0.999701
0.997142
0.970451
-0.891487
0.996233
0.932827
-0.995866
-0.992095
0.470996
-0.745434
0.672973
0.999641
-0.907894
-0.986300
-0.999998
0.999166
-0.996706
-0.532933
0.999894
-0.658998
0.444342
-0.984803
-0.425208
-0.999834
-0.999997
-0.881932
0.998239
0.997220
-0.999150
-0.987668
0.649431
0.971820
-0.999953
0.973733
0.786925
0.363010
-0.997916
0.811844
-0.999711
-0.999702
-1.000000
1.000000
0.999960
-1.000000
0.906451
-0.799754
-0.983257
-0.982395
-0.999588
0.999817
-0.999994
0.905581
0.999765
-0.980731
-0.983417
-0.971686
0.999392
0.984647
0.999903
-0.999998
-0.923703
-0.996237
-0.992911
-0.999931
0.867990
-0.998483
-0.999994
-0.005783
0.391522
0.983147
0.999111
1.000000
0.999698
0.937146
-1.000000
-0.955438
-0.999405
0.998959
-0.989093
0.985012
-0.999651
-0.962170
1.000000
0.870118
-0.886046
-0.968624
-0.991800
-0.320111
0.997881
-0.190801
-0.739215
0.624130
0.701344
-0.937643
0.951196
-0.997757
1.000000
-0.995381
0.875514
-0.994993
1.000000
-0.823905
-0.156961
0.995727
-0.913657
0.942939
0.999858
0.950654
0.977904
0.999987
-0.302886
0.991248
-0.999968
0.999908
0.999996
-0.999687
-0.994326
-0.998586
-0.899980
0.907243
-0.997443
0.994157
0.995824
-0.999992
-0.864136
-0.339102
-1.000000
0.912531
-0.995701
0.966657
0.999970
-0.999981
0.999567
0.747616
0.999992
0.032329
0.812300
0.999554
-0.999929
-0.999837
0.999997
-0.974324
-0.999996
0.944943
0.999996
-0.985635
0.999956
0.965689
0.964190
-0.999996
-0.999396
-0.996325
0.999997
0.999830
0.997059
-0.995353
0.999998
-0.901631
-0.999738
0.976362
0.999471
-0.990806
0.998399
-0.936951
0.850116
-0.950977
0.997288
-0.968351
0.997070
-1.000000
-0.999512
-0.850043
-0.999924
-0.992610
-0.996267
-0.998631
-0.907378
0.999980
-0.999953
0.986478
0.990932
-0.783410
-0.581025
-0.013767
0.999516
-0.999977
0.963221
-0.999999
-1.000000
-0.525356
0.999565
0.999568
-0.999948
0.989937
0.996677
0.997895
0.755019
0.999923
0.999945
0.987605
-0.999992
0.946249
-1.000000
-0.996103
-0.766925
-0.994569
0.887256
-0.999995
0.059507
0.984520
0.999996
-0.960045
0.844717
0.999449
0.999835
0.999942
-0.999851
-0.999807
0.969899
-0.987938
-0.999998
-0.999275
0.999539
-0.999871
0.999989
0.999579
-0.998168
-0.997181
0.901902
-0.628849
1.000000
-0.999963
-0.977773
-0.999774
-0.299725
0.999999
0.299853
0.999152
-0.999468
0.692590
-0.999966
0.774620
0.999660
0.995875
0.971160
-0.999885
0.433249
1.000000
0.997654
0.873824
0.978364
-0.999982
0.992417
-0.995777
-0.999987
-0.999018
0.909751
0.563920
1.000000
-0.999985
0.978178
0.810843
-0.597076
-0.999792
-0.347746
0.891994
-0.995001
-0.972330
0.947996
0.999618
-0.984398
0.974790
-0.980636
0.906516
0.999999
-0.767932
0.996808
-0.986993
-0.950348
0.975487
-0.999972
-0.906905
0.999989
-0.973018
-0.689466
0.999953
-0.715547
-0.998604
-0.999996
0.807666
0.519743
0.938354
-0.980143
0.855721
-0.996095
-0.898434
-0.981155
-1.000000
0.999992
-0.991000
-0.992386
-0.995106
0.999019
-0.932283
-0.925417
0.999118
-0.998666
0.381985
0.998856
0.195520
-0.999943
-0.457407
0.999846
-0.999952
-0.981091
-0.999999
-0.999035
-0.997858
-0.998917
1.000000
0.999987
0.999999
0.814682
-0.999768
-0.976908
0.996375
0.871144
0.999493
0.729408
0.904563
-0.999998
-0.999085
-0.999772
-0.414117
0.999246
-0.781825
0.982921
-0.999920
0.999997
-0.970513
-0.739697
-0.987663
0.868509
0.991249
-0.999817
-0.999174
0.874978
-0.998047
-0.999503
0.898067
0.986459
-0.998824
0.999999
0.999908
-0.995697
-0.977398
-0.358845
-0.956148
0.608034
-0.995617
-0.998018
-0.848531
-0.990679
0.999880
-0.122663
-0.882877
-1.000000
0.973928
-0.999970
0.997581
0.998151
0.999691
0.999724
-0.994250
-0.999858
0.999922
-0.971143
0.995281
0.969012
-0.999995
0.999952
0.725763
-0.999998
0.738544
-0.236761
0.999672
0.999996
-0.999851
0.973906
-0.982817
0.990826
-0.999445
0.890985
0.994717
0.977365
-0.995200
0.999948
0.950693
-0.995718
-0.772803
0.997632
0.545314
0.999929
-0.646276
0.995291
-0.999995
0.711321
-0.810405
-0.934122
-0.983645
0.994423
0.972708
0.999906
-0.999326
-0.998447
-0.929630
-0.999974
-0.998319
0.872630
-0.997222
-0.999367
-0.999755
-0.999639
-0.999300
-0.134601
-0.999939
0.998511
-0.958683
0.999992
0.976091
-0.896662
0.997349
0.925430
0.999962
0.929543
-0.999379
0.999669
-0.989017
-0.972671
0.716612
0.871072
-0.679448
-0.984846
-0.999999
0.964164
-0.998959
-0.997903
-0.999990
0.998643
-0.999212
-0.999998
0.996110
-0.999781
0.904524
0.999758
0.656473
0.995205
-0.998780
-1.000000
0.979365
-0.862298
-0.765484
0.782535
0.970070
0.366241
0.995866
0.999997
-0.959606
0.983694
0.964434
-0.999190
0.997089
0.998886
-0.996322
-0.999999
-0.998991
0.999720
0.851878
-0.977093
0.999982
0.999997
-0.735085
-0.419282
0.962769
0.999923
-0.426080
-0.991131
0.870434
-0.999751
0.999999
0.999932
0.059259
0.977389
0.981914
-0.964218
0.909082
-1.000000
0.998885
0.999998
-0.930328
-0.991553
-0.759541
0.997872
-0.997824
0.021092
0.974262
0.997339
-1.000000
-1.000000
-0.998323
-0.999999
-0.852338
0.984771
0.999589
0.992721
0.991387
0.930498
-0.999922
0.826791
-0.325252
-0.981595
-0.396875
0.926772
0.824088
0.845004
-0.875676
-0.999965
0.992465
-0.933400
0.999343
0.999958
0.980900
0.841556
-0.999599
-0.988610
-0.999624
0.999965
0.999378
0.987797
0.999934
-0.796493
-0.912561
-0.980014
0.999962
1.000000
0.900031
0.877894
-0.987982
0.508653
0.999984
0.999617
0.734758
0.941102
0.974437
-0.999999
-1.000000
0.989490
0.841511
-0.776984
0.992383
0.975452
0.772652
0.992642
-0.991159
-0.999998
-0.999959
-0.999975
0.999044
-0.863177
0.985990
0.556334
-0.999998
0.999196
-0.800956
-0.963995
-0.919549
-0.979970
0.991392
-0.999886
0.860869
0.999926
-0.997267
0.214134
-0.883582
-0.804016
-0.995244
-1.000000
0.951094
-0.960213
0.907865
0.998919
0.999557
0.206731
-0.989177
0.999999
0.840413
-0.843461
0.759417
-0.758261
0.134711
-0.999021
-0.538879
-1.000000
-0.999618
0.066531
0.883412
0.991356
0.992557
1.000000
0.866709
-0.845348
-0.220807
0.975818
0.858566
-0.999936
0.563316
-0.988794
-0.692593
0.987944
0.986845
0.999866
-0.119441
-0.239484
-0.916168
-0.978265
0.999986
1.000000
-0.752073
0.967374
-0.968347
0.319222
-0.999778
-0.075950
0.996621
0.977139
-0.999998
-0.960121
0.884839
-0.999998
0.999022
0.931345
0.994889
0.969099
-0.627654
0.998648
-0.601310
-0.647075
0.454279
-0.385798
-0.962555
-0.999620
-0.980661
-0.984581
-0.739615
-0.448198
0.880128
0.991328
-0.999998
0.989592
-0.867728
-0.996455
-0.999846
0.903241
-1.000000
0.864228
0.975028
0.998707
0.997845
0.913069
-0.986475
-0.831597
0.893330
0.999941
0.981152
-0.957763
-0.999995
-0.574034
0.026136
-0.997347
0.997898
-0.990846
-0.993457
-0.990415
-0.999946
-0.769738
0.999379
-0.989279
0.999996
-0.988397
0.999991
0.996646
-0.767988
0.999997
-0.999995
-0.999614
0.876735
0.996417
-0.270099
0.867535
-0.999998
0.999748
-0.999907
0.999978
-0.983488
0.994930
-0.999973
-0.999831
0.863739
-0.999880
0.578462
0.999344
0.992399
-0.999519
-0.963255
-0.999996
-0.999422
0.917814
0.999999
0.940696
-0.999551
-0.845066
-0.999962
1.000000
-0.593228
-0.826343
-0.964506
-0.999999
0.953900
-0.999888
0.994949
-0.998318
-0.993893
-0.996722
0.995369
-0.998349
0.999482
0.999999
-0.676488
0.997393
0.997521
0.999095
0.908515
-0.999820
0.689796
-0.999628
0.999494
0.917630
0.999189
0.998420
0.999887
-0.943205
-0.983572
-0.999392
0.709266
0.999967
-0.985993
-0.999700
-0.995998
0.991996
-0.999999
-0.866078
-0.417082
0.745893
-1.000000
-0.999994
0.909048
-1.000000
0.999982
0.969557
0.999996
0.973959
-0.999978
-0.699847
-0.929191
1.000000
0.999546
-0.305903
-0.997470
-0.971848
0.954281
0.999152
-0.995082
-0.999997
0.113356
-0.999672
0.945839
0.530252
0.991010
0.730484
-0.999997
-0.999971
-0.992399
-0.893269
0.996847
0.991483
0.999220
-0.999872
0.965412
-0.997522
-0.485793
0.999231
0.984644
0.969460
0.976523
-0.968090
-0.988772
-0.918915
-0.997598
-0.999880
0.847340
-0.999539
-0.999982
-0.274212
-0.997540
0.296387
0.081170
0.997000
0.990723
0.960222
0.998635
-0.997690
-0.999462
-1.000000
-0.805388
-0.008391
-0.172922
0.985070
-0.999721
0.999830
-0.999672
-0.999905
-0.990095
0.997001
0.999379
-0.999984
0.940546
0.997950
0.895177
-0.916310
0.985340
0.995316
-0.938751
-0.999998
0.689527
-0.999288
0.997297
-0.998222
0.999997
-0.997228
-0.999427
0.999998
0.657462
-0.812282
0.416934
-0.997028
-0.986410
-0.152241
0.997302
-0.999842
0.290806
0.903989
-0.947395
-0.974219
0.999935
0.999999
0.009373
-0.986780
-0.999432
0.958900
0.977747
-0.992558
0.847150
1.000000
-0.770242
-0.999783
0.999362
0.999979
0.962039
-0.957012
-0.507759
-0.961275
0.999970
0.999996
-0.999815
0.753958
-0.959032
0.925280
-0.987075
0.978727
0.776246
0.919008
-0.999997
0.787222
0.985843
-0.999996
0.999021
-0.999236
0.952213
0.963780
0.032461
0.976411
-0.991505
0.999954
0.673382
0.997589
0.856177
-0.993433
-0.999620
-0.996059
-0.164481
-0.882434
-0.994171
0.998412
-0.912901
0.999999
-0.998811
-0.991345
-0.999881
-0.982148
-0.999725
0.998612
0.979667
0.998158
-0.999946
0.998169
-0.246741
-0.814264
0.409253
0.999861
0.998431
0.552678
-0.960708
0.984576
0.995455
0.821694
0.423106
-0.999996
-0.998406
-0.999992
-0.999804
0.996953
0.102138
-0.732972
0.996952
-0.996710
0.995604
0.983292
-0.637409
-0.993388
-0.999984
-0.999934
0.988474
-0.999987
0.999648
0.993206
-1.000000
0.925094
-0.999981
-0.553457
0.921819
-0.959051
0.995541
-0.992077
0.908156
0.914700
0.956453
0.638327
0.998745
0.991312
-0.999666
-1.000000
0.984700
-0.996297
0.731209
0.253865
0.991348
-0.542623
-0.680342
1.000000
0.999526
-0.640239
0.927490
-0.998147
-0.727628
0.998501
0.421862
-1.000000
0.935327
0.743062
0.045789
0.943969
0.872087
1.000000
-0.980618
-0.495438
0.965297
0.992706
0.997193
-0.997043
0.876561
-0.627525
-0.942879
0.776140
0.908354
0.999869
0.983281
-0.960684
-0.843710
-0.999994
0.997780
0.999983
-0.980319
0.854934
-0.999974
-0.682838
-0.986887
-0.264964
0.976644
0.964646
-0.999998
-0.997309
0.389328
-1.000000
0.999994
0.999829
0.813092
0.405730
-0.998856
0.980577
-0.349313
0.999280
0.999995
-0.669045
-0.852840
-0.999061
-0.980620
-0.996302
-0.999733
-0.998258
0.760426
0.993027
-0.999338
0.999974
-0.751008
-0.914052
-0.999925
-0.974750
-0.999999
0.921418
0.999566
0.999617
-0.084054
0.999966
-0.221810
-0.979604
0.974760
0.999948
-0.869945
0.999778
-0.993295
0.987271
0.996595
-0.654774
-0.896803
-0.923723
-0.999979
-0.999907
-0.633865
-0.642331
-0.992792
-0.999999
-0.661435
0.940686
0.924210
0.984643
0.136048
-0.999008
-0.999963
-0.999989
0.647148
-0.999999
0.999639
0.996137
-0.999987
0.999921
-0.999989
-0.994382
-0.361891
-0.970635
0.755651
-1.000000
0.718333
0.999951
0.962554
-0.718679
0.997772
-0.962737
-0.999989
-1.000000
-0.118795
-0.992656
0.999997
-0.955846
0.999993
-0.758706
-0.999993
1.000000
0.976083
-0.930151
-0.830341
-0.999114
0.237714
0.927734
0.998248
-0.999988
0.995593
-0.999948
-0.975115
0.999740
-0.999871
1.000000
-0.916204
-0.721353
-0.955393
0.999239
0.995532
-0.999909
0.956638
0.996235
-0.991306
-0.999472
0.691252
1.000000
-0.999597
-0.043141
-0.978108
-0.999988
0.999881
0.999993
0.968251
-0.397214
-0.789029
0.998696
-0.999843
0.076858
0.997993
0.956198
-0.999995
0.996405
-0.947881
-1.000000
-0.986479
-0.963856
0.999160
-0.977467
-0.999995
0.999299
0.684018
0.999911
0.961509
0.855629
0.405063
-1.000000
-0.999776
-0.987510
-0.995668
-0.900473
0.852546
0.994644
0.098769
0.985931
-0.999863
0.272640
-0.999957
-0.984777
-0.999988
-0.989514
0.999611
0.478091
-0.904272
-0.883333
-0.985807
-0.284892
-0.992604
0.999997
0.977973
0.999898
-0.993562
0.847407
0.999606
-0.943021
-0.978193
0.998081
-0.999357
0.951501
-0.999997
0.152393
-0.999719
-0.997970
-0.153503
-0.865529
0.999907
-1.000000
-0.970578
0.999910
-0.999276
-0.999984
-0.999922
0.671782
0.974550
0.955282
-1.000000
-1.000000
-0.998220
0.697257
-0.076877
-0.988667
0.928881
-0.061791
-0.598986
-0.999459
-0.988946
0.983748
0.992159
0.998905
0.049415
-0.999998
-0.102271
-0.725018
0.999952
-0.993321
-0.988590
0.999979
0.815026
1.000000
0.994301
-0.995569
-0.796556
0.617917
-0.951825
0.761858
-0.987121
-0.999971
-0.999997
0.462292
-0.999638
-0.132435
0.997754
0.999999
0.999219
0.999984
0.998198
0.997488
0.996089
0.996694
-0.994411
-0.998786
0.999454
-0.999822
0.998992
0.999973
0.999953
0.992486
0.999962
-0.999998
-0.944828
0.999566
-0.954432
-0.603770
-0.537819
0.926281
0.990990
0.995433
-0.759424
0.999910
-0.999999
-0.156301
-0.847241
-1.000000
0.993739
-0.999949
0.610958
0.222638
-0.896918
-0.996127
-0.993874
0.983732
-0.779298
0.378094
-0.999729
0.084466
-0.852074
-0.672283
0.770246
-0.999998
0.927748
-0.589070
-0.962765
0.987304
0.978739
-0.998990
-0.999999
-0.999985
0.851723
0.910701
0.997946
0.997671
0.968035
0.999959
0.795982
-0.221841
-0.993290
-0.899485
-0.061865
0.992712
-0.995522
0.060380
0.999914
-0.991632
-0.999707
0.993458
-0.999317
0.951623
-0.998456
-0.903136
-0.998265
-0.999720
-0.999057
-0.705996
-0.719558
-0.116964
-0.990921
-0.999752
-1.000000
-1.000000
-0.998584
0.983185
0.986493
-0.994818
-0.999999
0.233251
1.000000
-1.000000
-0.997398
-0.994660
0.633441
-1.000000
-0.999811
0.993524
0.982035
-0.448523
0.997252
0.670134
0.574895
-1.000000
0.236867
-0.963859
1.000000
-0.712100
0.957784
0.998762
0.479657
0.999999
0.499959
-0.999971
0.997952
0.373242
-0.958849
-0.324508
-0.989251
-0.999974
-0.999652
0.999534
-0.973157
-0.999693
-0.622622
0.999999
0.998173
-0.944125
0.999784
0.996890
-0.801151
0.999508
0.620916
0.006923
0.515148
-0.688670
0.937694
0.999993
-0.942461
-0.456131
0.998334
-0.999999
0.919514
0.963618
0.854442
0.964768
-0.552986
-0.999870
-0.066984
0.990956
-0.993866
0.999998
-0.999966
-0.907950
-0.624525
-0.999987
0.404715
-0.999999
0.723740
0.999948
-0.999262
0.991785
0.918314
0.974655
-0.999925
-0.999972
-0.999460
0.727175
0.275397
-0.835318
0.988820
-0.999927
0.894361
0.999967
-0.053344
0.999954
0.999627
0.979353
-1.000000
-0.999998
-0.999995
0.875577
-0.964985
0.999805
-0.307531
-0.198693
-0.963861
0.969386
-0.917854
0.996929
0.976474
0.999992
0.978680
0.685529
-0.173437
0.198269
0.380122
0.999986
-0.983876
0.999985
-0.999999
0.992543
-0.996953
-0.965041
0.824023
-0.100401
0.882086
0.988762
0.993301
-0.999877
-0.999958
-0.999977
-0.873277
-0.994715
-0.976388
0.963182
-0.999962
0.994914
-0.996757
0.993787
0.999726
-0.984408
0.999919
-0.995088
0.921624
0.999008
0.972542
-0.587272
0.981435
-0.975471
-0.932582
-0.999781
-0.993773
-0.957180
0.999983
-0.932930
0.997572
-0.950656
-0.999574
0.999997
0.996546
-0.999949
0.608234
-0.998102
0.997471
-0.997316
0.999919
-0.999959
-0.981441
-0.999941
-0.865929
0.981678
-0.999981
0.999987
-0.994764
-0.822430
-0.985098
0.988796
0.969341
-0.999505
-0.914230
0.649527
-0.999966
-0.999908
0.716496
0.999999
-0.996212
-0.797692
-0.999912
0.999793
0.991581
0.999493
0.984558
0.999908
-0.998207
-0.948190
-0.999668
-0.641974
0.997614
0.969249
-0.999960
0.941866
-0.986101
-0.999991
-0.990394
-0.999553
0.999491
0.988016
-0.999460
0.820551
-0.934925
0.999941
-0.993653
0.758380
-0.912072
-0.992577
-0.998635
-0.998245
-0.999996
-0.986839
0.932823
-0.994344
-0.935992
-0.999481
-0.992024
-0.982772
-0.999970
-0.990057
-0.968278
-0.996462
-0.998166
0.954437
-0.993704
0.996514
-0.373665
-0.999423
-0.999393
0.993018
0.918938
0.968141
0.839129
0.917166
-0.963325
-0.998494
0.985951
0.995572
-0.999996
0.956041
-0.999774
-0.996169
0.972830
-0.997465
0.999987
-0.962275
-0.875705
0.999466
0.092437
-0.999809
-0.999813
0.943079
-0.111806
-0.515192
0.929026
0.996835
-1.000000
-0.725621
-0.969147
0.726333
0.057474
0.011076
0.998509
0.929649
-0.991115
-0.895270
-0.960157
0.876424
0.617770
-0.999258
-0.996905
-1.000000
-0.961955
-0.599212
0.997428
0.204891
-0.999889
-0.637262
-0.904069
1.000000
-0.992119
-0.742134
0.993448
-0.896896
-0.968624
-0.999687
0.987372
-0.999999
-0.999990
-0.996712
-0.498904
0.968759
0.995880
1.000000
-0.226174
0.334446
0.991451
0.940070
0.999658
-0.999895
0.994893
0.908288
-0.975287
0.892963
0.362190
0.999992
-0.951580
0.017840
-0.768748
-1.000000
0.968763
0.999167
0.972402
0.969216
-0.573939
-0.267690
0.920370
0.884486
0.915234
0.902747
-0.999995
0.970427
-0.995086
-0.999999
-0.999481
-0.998384
0.818764
-0.817224
-0.994288
0.998582
0.973090
0.998174
-0.999489
-0.961010
-0.671811
-0.999977
0.946713
-0.961722
-0.999962
-0.999998
0.988212
0.937107
0.968017
0.999964
0.859925
-0.973413
-0.999442
-0.997929
-0.999994
-0.989856
0.779877
0.999895
0.757546
-0.639397
-0.734220
0.995602
-0.901486
-0.998836
-0.977166
0.990170
-0.959613
-0.333938
0.967356
-0.861877
0.990986
-0.980990
0.635337
0.999978
-0.999999
-0.112909
-0.985400
0.958074
0.763143
-0.946531
0.999137
-0.999773
0.999850
0.999947
0.930418
-0.404903
0.989948
1.000000
0.864670
-0.790218
-1.000000
-0.997724
-1.000000
0.815225
-0.999984
0.971502
-0.040665
-0.999694
0.366549
-0.999998
-0.955001
0.964591
0.999915
0.997467
-0.900258
-0.999998
-0.991362
-0.971552
0.974353
0.951940
0.909265
-0.933931
-0.500209
1.000000
0.944078
0.994035
0.258305
0.984711
0.926083
0.999960
-0.944286
-0.999369
-0.999982
-0.930785
-0.998988
0.998662
0.999499
1.000000
0.999377
0.789535
-0.999794
0.999900
0.712280
0.999995
-0.985701
-0.976490
0.999985
0.999222
0.992566
-0.730241
0.998720
0.989960
-0.572235
-0.990564
-0.993257
0.999961
-0.998651
0.992829
-0.782493
0.987565
-0.043085
0.969341
0.937559
-0.689582
-0.999994
-0.004840
0.391669
-1.000000
0.992409
-0.970033
0.912319
0.982463
0.869990
-0.998139
-0.347487
1.000000
0.985534
-0.966087
0.997251
-0.930454
-0.999988
0.994480
-0.999982
-0.999989
0.942229
0.997923
-0.703359
0.966292
0.399339
-0.953289
-1.000000
-1.000000
0.925732
0.997612
0.999996
1.000000
0.995476
0.994302
0.999919
-0.997966
0.999940
0.979354
0.999505
0.997497
0.823820
-0.755296
0.954221
0.999188
-0.568106
0.998704
-1.000000
-0.999631
0.994998
0.841019
0.999902
0.999992
0.999994
0.849204
0.999947
-0.088151
0.998207
-0.992758
-0.999728
0.893691
0.985761
-0.803660
0.984708
0.999834
-1.000000
-0.999996
-0.999998
0.957432
0.974532
0.967146
1.000000
0.999998
0.286013
-0.999966
-0.931437
-0.996851
0.995831
0.999945
-0.960108
-0.999993
-0.967425
0.977638
0.970558
0.770162
-0.999852
-0.999715
-0.999124
1.000000
-0.827048
0.793334
-0.583076
-0.996912
0.985914
0.074190
-0.449405
-0.999887
-0.999900
-0.999854
-0.472172
0.999926
-0.818926
0.999998
-0.983059
0.741349
-0.691421
0.992112
0.976442
0.785258
0.976395
-0.812223
-0.999974
-0.991604
0.989243
-0.997341
0.999811
-0.999791
-0.994568
-0.998215
-0.999086
0.993895
0.999962
0.999831
-0.994142
0.237350
0.999873
0.959740
0.705757
0.962374
-0.999976
0.999999
-0.996147
-0.999999
-0.985105
-0.999353
-0.873606
0.998295
-0.482228
-0.983934
0.998570
0.999936
0.619305
0.972317
-0.986357
0.937703
0.801365
-0.749559
-0.997855
-0.994160
-0.169016
0.997555
-0.952315
0.999934
-0.990426
-0.923401
-0.999993
-0.999869
-0.999989
-0.984587
0.687595
1.000000
-0.999527
0.999013
-0.909053
0.999571
-0.996779
-1.000000
0.997102
0.999996
0.999998
-0.999977
0.999390
-0.769175
0.727485
-0.999859
-1.000000
0.999997
0.998606
0.997822
-0.998168
-0.999973
-0.947759
-0.730571
0.989496
0.999018
0.934969
-0.994616
-0.999843
-0.999999
0.440159
-0.940295
-0.845479
0.977876
-0.999755
0.999855
-0.999849
-0.982110
0.945072
-0.956614
0.990183
-0.999983
0.992943
0.999951
0.996749
0.998957
0.999783
-0.993599
-0.999155
-0.999991
-0.988377
-0.982256
0.999941
-0.972456
0.999996
-0.793040
-0.995591
0.999996
0.995046
-0.991504
0.016696
-0.999905
-0.118423
0.406526
0.997321
-0.999952
-0.686442
-0.999749
-0.947899
0.997330
-0.999930
0.999998
-0.956943
-0.979522
-0.991965
0.996102
0.999838
-0.998006
0.738262
0.973186
-0.919465
-0.999138
0.599131
1.000000
-0.999484
-0.603711
-0.999085
-0.999845
0.998668
0.997899
0.999181
0.972821
0.415275
0.487239
-0.999847
0.863144
0.999583
0.980019
-0.999996
0.944451
-0.993974
-0.999986
-0.998398
-0.996119
0.999367
0.274224
-0.990974
0.996152
0.024722
0.994885
-0.115507
0.773750
-0.791026
-0.999978
-0.995557
-0.982185
-0.999963
-0.999773
0.780937
0.697750
-0.311591
0.844719
-0.999856
0.757526
-0.999946
-0.987527
-0.939745
-0.997924
-0.684345
0.979477
-0.994043
0.163899
0.079107
-0.993120
-0.999986
0.999994
0.918036
0.999994
-0.668188
0.007837
0.745941
-0.702838
-0.937453
0.973274
-0.999472
0.981321
-0.999999
0.833300
0.959439
-0.916194
-0.999633
0.645609
0.924480
-0.964699
0.998175
0.730727
-0.999940
-0.762713
-0.898380
-0.983998
0.999922
0.990544
-0.999917
-0.997513
-1.000000
0.647125
0.987996
-0.987409
-0.950087
0.973194
-0.231148
-0.944325
0.937108
0.372572
0.998303
0.908957
0.902274
-0.999894
0.934224
0.325240
0.504192
-0.994020
-0.884089
0.010520
-0.995131
0.999953
0.550243
-0.980392
-0.973292
-0.610795
-0.959043
0.999994
0.269149
-0.999440
0.980948
-0.994277
0.347340
-0.998909
-0.999829
0.999998
-0.996862
0.976112
0.789200
-0.981371
0.999992
0.889325
-0.544809
-0.205664
0.474935
-0.990890
0.946977
0.998267
0.885753
-0.881554
0.592239
-0.999954
0.094962
0.999956
0.057457
0.742675
-0.998863
0.997814
0.996669
0.759979
0.990403
0.562874
-0.999400
0.990485
0.998577
-0.999999
0.892169
0.995300
0.963174
0.842823
-0.952333
0.989238
0.999617
0.999933
0.996709
0.837915
0.743279
-0.837502
0.998088
-0.995581
0.861606
-0.900515
-0.815362
-0.910783
-0.999224
0.998971
-0.995398
0.999018
-0.999763
-0.986264
-0.997634
-0.379164
0.997069
0.996400
-0.999647
-0.287479
-0.921617
-0.675257
0.985956
-0.917110
0.730595
0.999488
-0.931307
0.999102
0.999994
0.999715
0.050168
0.996469
-0.999820
-0.961054
-0.991262
-0.986433
-0.998426
0.198653
-0.048360
0.957201
0.999694
0.997802
0.997006
-0.999733
-0.994901
-0.999936
-0.461300
0.738179
0.406865
0.972167
-0.999913
0.999735
-0.999586
-0.999847
-0.969119
0.997601
0.999968
-0.999970
0.557014
0.999762
-0.750815
-0.955937
0.999722
0.985209
-0.926046
-0.999999
0.985506
-0.998841
0.972274
-0.988036
0.999895
-0.998082
-0.998818
0.999997
0.793913
0.059214
0.832447
-0.970889
-0.985867
-0.917475
0.998256
-0.999774
0.505591
0.767376
-0.981564
-0.978315
0.999989
0.999997
0.953824
-0.506761
-0.999960
0.979572
0.791853
-0.993753
0.546745
1.000000
-0.995781
-0.998920
0.990774
0.999925
0.998916
-0.998230
-0.134443
-0.986421
0.999982
0.999984
-0.999486
0.824579
-0.979804
-0.178764
-0.998022
0.865000
0.916340
0.217306
-0.999996
0.897757
0.998865
-0.999960
0.999625
-0.999937
0.991583
0.996985
0.907096
-0.813154
-0.995927
0.999264
0.807078
0.750812
0.784021
-0.927557
-0.999971
-0.999468
0.933675
-0.728462
-0.906924
0.999120
0.216485
0.999993
-0.998226
-0.999694
-0.999421
-0.906795
-0.999820
0.996465
0.998393
0.996195
-0.999975
0.996486
-0.049720
-0.611753
0.307582
0.998892
0.998149
0.995374
-0.049407
0.801433
0.779572
0.323328
-0.174283
-0.999977
-0.999071
-0.999732
-0.998999
0.999939
-0.745818
-0.955220
0.976559
-0.862278
0.995639
-0.528442
0.346804
0.999986
-0.999998
-0.999988
0.776972
-0.935121
0.999925
-0.966499
-0.999998
-0.987184
-0.999949
-0.999927
-0.970607
0.912588
-0.997671
-0.587674
-0.979748
-0.999794
0.529657
-0.461166
0.998764
0.999662
0.851731
-0.999918
0.987608
-0.980750
0.953338
-0.998962
-0.831160
-0.579395
-0.996467
0.999957
0.940387
0.915763
-0.999999
0.793038
-0.998799
0.992196
-0.999459
-0.996849
0.996519
0.989669
-0.976438
0.799721
0.996838
0.999975
-0.914245
0.828507
0.998712
1.000000
0.999905
0.999934
0.999997
0.962232
-0.998022
0.944723
0.999961
0.999990
0.990584
0.511903
-0.981774
-0.990315
-0.999833
0.846630
-0.939257
-0.870868
-0.976375
0.995582
-0.403605
-0.874334
-0.999398
-0.916340
-0.999929
-0.999782
-0.331036
-0.999995
0.999349
0.997772
-0.835404
-0.862379
-0.988892
-0.861923
0.938980
0.998834
0.997531
0.999272
-0.478438
0.597579
0.999669
-0.999962
0.997587
-0.999579
-0.999897
-0.999958
-0.649045
-0.982308
-0.124443
-0.500293
-0.998794
-0.999989
-0.472140
0.994001
0.999925
-0.786892
0.963616
0.999987
-0.951484
0.999201
-0.993460
0.441244
0.992805
0.999992
-0.897026
0.846065
0.982334
0.995656
-0.998680
0.507751
-0.649752
-0.960370
-0.999317
0.463360
-0.998308
-0.995127
-0.919816
0.979948
0.999888
-0.910874
0.999977
-0.965057
0.690627
0.967040
0.574486
-0.854954
0.997377
0.999887
-1.000000
-1.000000
-0.999955
0.578073
-0.996994
-0.733962
0.962723
-0.945595
-0.109350
-0.973104
0.976136
0.579049
0.726686
0.996585
0.975769
-1.000000
0.310962
0.974170
-0.705699
-0.995660
-0.857028
-0.991798
-0.815317
0.999987
-0.989502
0.970390
0.996947
0.998034
0.992613
-0.999983
-0.096114
-0.996968
-0.639652
-0.996755
-0.963306
-0.550637
-0.833471
0.999997
0.963393
-0.936927
-0.907552
0.968348
0.016364
0.999980
-0.969633
-0.999489
-0.580823
0.986414
0.999874
-0.956068
0.999967
-0.998501
0.961330
-1.000000
0.555615
0.999992
0.450101
-0.954123
-0.988611
0.976464
0.999601
0.476412
0.977565
0.376971
-1.000000
-0.901405
0.986167
-0.999975
-0.989394
-0.322924
0.732867
0.999947
-0.467209
0.974409
-0.995296
0.549892
-0.977360
-0.167518
0.995084
0.945907
-0.837218
0.995108
-0.599448
-0.999994
0.999997
0.430054
-0.999626
1.000000
-0.906006
0.773803
-0.999928
-0.761864
-0.999797
-0.309463
-0.990307
0.999680
0.171743
0.997552
-0.973605
0.997838
-0.998462
-0.999600
0.997733
0.998164
-0.617270
-0.999368
0.999996
-0.998391
-0.960598
-0.737267
-0.999813
0.999999
-0.999851
0.116914
-0.998410
0.991238
-0.971446
-0.820895
0.997645
-0.965653
0.999026
0.879746
0.392835
-0.999992
-0.936009
0.999402
0.992213
0.670706
-0.999999
-0.999957
-0.999999
0.970910
0.944465
-0.974055
0.985562
-0.864701
-0.999999
-0.998709
-0.995542
0.999981
0.998767
0.999998
-0.922232
-0.999995
-0.994547
0.708226
-0.932040
0.940540
0.999636
0.961828
-0.984855
0.999995
0.999879
-0.990981
0.931616
0.981756
0.983038
0.955840
-0.941201
-0.999898
-0.999884
-0.982047
0.963771
0.137506
-0.330200
0.999994
-0.197696
0.999838
-0.999862
0.999997
0.999312
0.999969
0.332632
-0.993681
0.999616
0.338953
-0.759360
-0.999995
-0.151394
-0.992896
0.262335
-0.980384
-0.983670
0.838363
-0.998465
0.637967
0.988749
-0.983759
0.655052
0.891902
0.999932
0.988875
-0.999677
-0.640123
0.985358
-1.000000
0.829503
-0.989636
-0.945884
0.999852
0.502158
-0.999736
0.999987
0.999970
0.999999
-0.588398
-0.999680
-0.907578
-0.993495
0.998011
-0.999909
-0.999996
0.765551
0.999912
-0.607231
0.997037
-0.905758
-0.999767
-1.000000
-0.999997
-0.998351
0.977004
0.997848
0.999929
0.997994
0.999981
0.999598
-0.969205
-0.137557
-0.950438
-0.919339
0.999967
0.866098
0.999605
0.970078
-0.836032
-0.438251
0.998559
-1.000000
-0.999978
0.999991
0.998257
0.991458
-0.996224
0.966052
-0.997014
0.999547
-0.998011
-0.646912
0.997510
-0.999907
-0.983988
0.997443
-0.412541
0.999964
0.999127
-0.999999
-0.945666
-0.999995
-0.858579
-0.979886
0.091931
-0.981536
-0.881287
0.802083
-0.319424
0.997652
0.976647
0.999419
0.999239
-0.895842
-1.000000
-0.494293
-0.151471
0.992840
-0.075990
-0.920802
-0.996783
-0.999756
1.000000
-0.641719
0.998563
0.099860
-0.998991
0.983416
0.737790
-0.968635
-0.999996
-0.222986
-0.995194
0.973380
-0.688279
-0.997961
1.000000
-0.994688
-0.790203
0.842106
0.810608
0.997470
0.923413
0.989736
0.813792
-0.018134
0.278950
0.964029
0.998534
0.999875
-0.992116
-0.991876
-0.999999
0.842416
0.999974
-0.853810
-0.882163
-0.997379
0.573842
0.875918
-0.999460
0.864823
0.741435
-0.999999
-0.971315
-0.016202
-1.000000
0.986846
0.990231
0.975969
-0.719235
-0.999999
0.999656
-0.773816
0.999930
0.996268
0.675526
-0.999826
-0.998547
-0.705071
0.009715
-0.982624
-0.999998
0.213057
0.997706
0.969208
0.999995
-0.968511
0.987350
-0.999606
-0.886625
-0.999451
0.999975
0.713407
0.996500
-0.904992
0.998809
-0.996678
0.960211
-0.890658
-0.595395
-0.771383
0.999022
-0.466663
-0.996119
-0.993465
-0.925090
-0.958332
-0.494939
-0.966768
-0.985408
-0.999842
0.990990
-0.349252
-0.999660
-0.999997
-0.992930
0.999977
-0.999992
0.999752
0.993028
-0.999905
-0.999760
0.913018
0.997877
-0.401932
-0.242909
-0.999999
-1.000000
-0.681931
-0.736502
0.988875
-0.594699
0.999633
0.963712
-0.823518
-0.101561
0.998399
-0.986606
0.988998
0.976354
-0.999965
-1.000000
-0.999547
-0.999485
0.997847
-0.999927
-0.999999
0.941040
-0.482753
0.999999
0.947696
-0.938073
0.999968
-0.916949
0.853749
0.989885
-0.933131
-0.999959
-0.996076
0.944614
0.999999
0.994329
-0.999960
0.999997
-0.841312
-0.209441
-0.956991
0.998685
0.994184
0.997753
0.766028
-0.999985
-0.730138
-0.031027
0.999989
0.968185
0.994229
-0.938106
-0.997806
-1.000000
-0.860497
0.591660
0.998364
0.990398
-0.987262
0.118197
0.999574
0.995509
0.805665
0.999938
-1.000000
0.996292
-0.982213
-1.000000
0.938302
0.925450
0.986534
0.956894
-0.999992
0.993329
-0.368514
0.999733
0.894882
-0.922385
0.122035
0.981872
-0.998992
0.945907
-0.999996
-1.000000
0.999995
-0.381361
0.945411
0.997973
0.736440
0.961931
-0.998834
-0.997707
0.656605
0.996464
0.995425
0.303492
-0.942994
0.999990
-0.981756
-0.736022
-0.610066
-0.736411
-0.999794
0.042076
0.845426
0.996642
0.920059
0.985587
-0.726488
0.999930
-1.000000
-0.999847
-0.932148
0.407148
0.982540
-0.997597
0.991118
-0.439499
-0.954146
0.999997
0.959426
-0.999811
-0.999899
0.502950
0.999157
-0.074778
-0.879699
0.999609
-0.999998
-0.915645
-0.999988
0.834452
0.924048
-0.789559
0.999667
0.934859
0.281215
-0.987766
0.868029
-0.754487
-0.998176
-0.996122
-0.869755
-0.999998
0.850090
-0.268878
-0.683608
0.913328
-0.999810
-0.310826
-0.993158
1.000000
-0.999997
0.986542
0.954964
-0.919886
-0.532148
-0.998861
0.969525
-1.000000
-0.999999
-0.973190
-0.725868
0.999469
0.984819
0.999999
0.728024
-0.875494
0.982412
-0.610306
0.999991
-0.999793
0.701822
0.650049
-0.962621
0.851992
0.987864
0.999341
0.883067
-0.802690
-0.996730
-0.999504
0.991338
0.978291
0.965731
0.994817
-0.578487
0.999890
0.975267
-0.993365
-0.992200
-0.975943
-0.999999
0.999514
0.792965
-0.999999
-0.999973
-0.962356
0.996704
-0.997197
0.520040
0.996408
0.994526
0.839791
-0.954224
-0.665895
0.599653
-0.966744
0.998706
-0.363867
-0.998986
-0.999684
0.950395
-0.731978
-0.968201
0.999982
-0.669867
0.966196
-0.997302
-0.191954
-0.999948
-0.999959
0.374061
0.999955
0.303306
-0.996751
-0.561798
0.541218
0.996336
-0.999876
0.996592
0.937353
-0.999893
-0.961064
0.959163
-0.757207
0.993941
-0.996028
0.998532
0.999981
-1.000000
0.567186
-0.691347
-0.849070
0.996749
-0.912462
0.768229
-0.990557
0.977821
0.788302
-0.998150
-0.967309
-0.957641
0.007020
0.967394
0.998607
-0.999996
-0.805936
-0.990827
-0.997754
-0.999917
-0.135978
-0.998469
-0.999624
0.962853
-0.490711
0.623096
0.996913
0.883636
0.989204
-0.945233
-1.000000
-0.934381
-0.975843
0.997490
0.993299
0.987735
-0.996123
-0.999990
0.999999
0.482141
0.999056
-0.375084
-0.997992
0.992705
0.844670
-0.911092
-0.999966
-0.956314
0.382693
-0.998637
-0.999228
-0.997748
0.999999
0.070153
0.934658
0.994360
0.993680
0.940612
-0.584675
-0.402955
0.993395
0.103815
-0.485998
-0.428162
0.999966
0.965922
0.401894
0.162533
-0.999102
0.932131
0.999962
-0.778120
-0.818869
-0.987871
0.997130
0.993880
-0.920949
-0.751511
0.994115
-0.999995
-0.730532
-0.968352
-1.000000
0.056689
0.326694
0.246005
0.974699
-0.999990
0.999948
0.031914
0.999921
-0.991509
0.345951
-0.998478
-0.999554
-0.513840
0.332546
0.734903
-0.999999
-0.831706
0.998364
-0.325625
0.999993
-0.207856
0.568925
-0.996843
-0.939618
-0.998329
0.988778
0.967777
0.983543
-0.525146
0.990226
-0.927765
0.853057
-0.018272
0.999349
0.071356
0.990368
-0.993802
-0.909046
0.095931
0.521874
0.909420
0.728149
0.507390
0.941323
-0.999995
0.996955
0.888907
0.270422
-0.724000
-0.999958
0.963399
-0.975547
0.856407
0.992477
-0.999996
-0.999223
0.998526
0.731798
0.889013
0.991243
-1.000000
-0.999213
0.341430
-0.432325
-0.938879
0.976631
-0.938883
-0.996727
0.897954
-0.999303
0.994748
0.986638
0.959930
0.997558
0.396608
-0.999993
0.985851
-0.986634
0.997666
0.996338
0.729960
-0.984933
0.352132
0.999993
0.533830
-0.635570
-0.989313
-0.999859
0.615667
0.828736
-0.981635
-0.999953
-0.999532
-0.998481
0.803837
-0.945867
-0.996842
0.999998
-0.932464
-0.344983
0.994518
0.999653
0.726295
0.933774
-0.382881
0.996570
0.990158
0.929851
0.999887
0.999992
0.836216
0.983227
-0.942728
-0.998948
1.000000
0.997995
-0.999877
-0.354569
-0.991163
0.979353
0.592317
-0.999090
-0.998552
0.998054
-1.000000
-0.998715
0.999919
-0.999995
0.979840
0.940380
0.979755
0.842416
-0.999999
0.973297
-0.937892
0.998813
0.922579
-0.777177
-0.999959
-0.687035
-0.345759
0.791206
0.476462
-1.000000
0.503394
-0.999803
-0.995210
-0.185819
-0.956757
0.993838
-0.999976
-0.998293
-0.993706
0.996600
0.999521
-0.997921
-0.999989
0.998755
-0.994487
-0.998699
0.997255
0.999918
-0.989736
0.925674
0.964455
-0.999522
0.672362
0.973138
0.617808
-0.296807
-0.999999
-0.996997
-0.999967
-0.878916
0.998398
-0.999442
0.998822
0.293649
0.997324
1.000000
0.955533
-0.991939
-0.999785
-0.999985
-0.884404
0.693259
-0.981883
0.999105
-0.999999
0.999591
-0.992498
0.941597
0.939751
0.648198
0.961194
-0.989326
0.974843
-0.925704
0.926698
0.999401
-0.228801
-0.987284
-0.999979
-0.999990
-0.979607
0.943245
-0.641043
0.916210
0.943028
-0.679315
-0.984534
0.999990
-0.999925
0.956321
0.978855
-0.996521
0.999725
-0.991655
0.999989
-0.999991
-0.999999
0.983609
-0.997995
0.323915
0.999999
0.999998
-0.930378
-0.999932
-0.993767
0.886288
0.646137
-0.999035
-0.995407
-0.857136
0.973253
0.990213
0.999977
0.939126
-0.301803
-0.846936
0.919281
-0.998893
0.999998
-0.802475
-0.840189
0.948337
-0.994690
-0.846965
-0.133008
0.528675
0.998539
0.991334
-0.999999
-0.999512
0.989575
-0.999993
-1.000000
-0.969800
0.999998
0.820507
0.999999
0.996094
0.944103
0.308253
-0.466058
-0.995212
-0.549187
-0.957831
-0.651367
0.999990
-0.995298
0.692651
0.965758
-0.983348
0.999648
1.000000
0.999924
0.863191
-0.999995
-0.999502
-0.999915
-1.000000
-0.894518
0.999754
0.999729
0.797693
0.990028
-0.997873
0.999993
0.849664
0.999591
0.995906
-0.748232
0.761100
-0.999988
0.360985
0.999995
-0.947736
0.999852
-0.858068
-0.999999
0.999943
0.978339
0.999930
0.690298
-0.988867
-0.901158
0.999998
0.961459
-0.999922
-0.995045
-0.998355
0.829681
0.012892
-0.943278
0.585293
-0.999998
-0.955921
0.354845
0.916850
0.999979
-0.999009
0.972847
0.995285
-0.948279
-0.998269
0.199060
0.277848
-0.998231
-0.999960
-0.801031
-0.999999
0.878145
0.994454
0.901476
0.028116
-0.999818
0.256467
-0.981774
0.999996
-1.000000
0.945068
-0.994300
-0.556376
0.702166
-1.000000
0.995401
-0.994387
-1.000000
0.997566
0.980780
-0.997139
-0.862209
0.999999
-0.673174
-0.878005
0.996233
-0.078879
0.090325
-0.997106
-0.312392
0.999938
-0.999319
-0.993762
0.999723
0.972593
0.964903
-0.116047
0.588314
-0.999878
0.996900
0.997695
-0.935817
0.945439
-0.980792
-0.998427
0.999012
-0.960880
0.581769
0.991158
-0.999989
0.999007
0.960217
-0.999988
-0.999045
0.999576
0.986849
0.999454
-0.976306
0.986172
0.991789
0.675708
-0.996366
-0.707424
0.234070
-0.268982
0.997439
-0.973757
-0.851457
-0.999955
0.980613
-0.978311
-0.649523
0.999214
0.999189
0.994053
-0.999843
-0.998231
-0.999776
-0.999992
-0.996250
0.999974
0.996916
-0.994781
-0.938284
0.950006
0.999655
-0.999971
0.142902
0.981580
0.614336
-0.454829
0.996759
-0.999775
-0.999120
-0.999999
0.999998
0.999993
-1.000000
0.992075
-0.554148
-0.999994
0.919251
0.846268
0.999986
-0.997739
0.612671
0.823655
-1.000000
-0.996454
-0.999442
0.969092
-0.999339
-0.991594
-1.000000
-0.999738
0.998548
-0.994538
-0.423281
-0.541137
0.999996
-0.968373
0.967117
-0.979819
0.345763
0.965828
0.973445
-0.970051
-0.509048
-1.000000
-0.999999
-0.999597
0.998851
0.965894
-0.999805
0.999911
0.999732
1.000000
0.727626
0.080961
0.999712
0.797174
0.999054
0.942246
-0.395445
-0.639877
-0.208090
0.274366
-0.208312
0.995951
0.932469
0.999998
0.975526
-0.994422
-0.995831
-0.036849
-0.972120
0.999893
-0.999914
-0.545667
-0.791374
0.988487
1.000000
0.999856
-0.962098
-0.566330
-0.515505
-0.985368
0.990107
0.888284
0.999627
0.898218
0.370832
0.998135
0.999984
0.999963
-0.314543
0.937844
-0.999977
0.999999
0.938712
-0.999978
-0.588636
-0.486081
0.998761
0.997252
0.241228
0.999787
0.917290
0.861054
-0.670654
-0.996947
0.997962
-0.997004
-0.946102
-0.996636
-0.991133
-0.805491
0.905647
-0.954417
0.938791
0.999779
-0.997316
0.995006
-0.999906
-0.997099
-0.473710
-0.998543
-0.823510
0.999162
0.922945
-0.490395
0.999528
0.999795
-0.581171
0.999530
-0.857920
0.996962
-0.959863
0.988120
-0.999734
0.747153
0.004036
0.998194
-1.000000
0.946264
-0.999958
-0.832654
-0.995163
-0.999499
-0.999932
0.999391
0.983858
-0.999627
0.999970
0.696960
0.894771
-0.726764
-0.850538
0.997527
0.956424
0.968677
-0.999997
-0.999997
-0.999997
0.183616
-0.999994
-0.914881
-0.999387
-0.999982
-0.999650
0.999638
0.999321
0.993378
0.997833
0.975771
-0.033362
-1.000000
-0.991264
-0.998759
0.985844
-0.999903
0.792542
0.998472
-0.808164
0.999986
-0.999138
0.963667
0.999999
0.486279
-0.953808
0.995935
-0.832287
-0.999998
-0.999881
0.999998
0.990125
-0.700911
-0.917225
0.999999
0.935663
0.690577
0.961633
0.999999
0.999869
0.987463
0.999967
-0.999949
0.999153
0.939108
-0.657974
0.441831
0.998713
-0.555273
0.974426
-1.000000
-0.933594
0.821302
-0.916452
-0.637031
0.999898
-0.863224
0.998666
0.992974
0.991593
0.999838
-0.999998
-0.991457
-0.772256
-1.000000
-0.999561
0.977545
0.990082
0.999874
-0.999936
0.994450
-0.082340
0.947410
0.608137
-0.980831
-0.353397
0.672180
-0.151534
0.999893
-0.997173
-1.000000
0.999532
0.998973
-0.553998
0.999998
0.998750
0.999769
-0.999619
-0.232541
-0.999991
0.975620
0.997764
0.996867
-0.856047
0.999690
-0.972031
-0.983474
-0.850679
0.998479
-0.990167
0.998894
-0.869444
0.993290
0.999999
0.999993
-0.988616
0.979421
-0.997539
-0.994472
-0.999426
-0.995067
0.998955
-0.989383
0.999933
-0.997388
1.000000
0.999996
0.171847
0.999953
-1.000000
-0.999996
-0.889461
-0.903423
-0.818651
-0.999430
-1.000000
0.999347
-0.969444
0.998506
-0.999744
0.994628
-0.999998
-0.999979
-0.360114
-0.999999
0.999995
0.996132
0.997176
-0.999973
-1.000000
-1.000000
-0.997377
0.964110
0.999442
0.992627
-0.916995
-0.620386
-0.999968
1.000000
0.920983
0.789633
-0.997300
-0.997327
-0.814005
-0.996535
0.975554
-1.000000
-0.398879
0.691189
-0.989058
-0.999640
0.999975
1.000000
0.897027
-0.999993
0.989620
0.999995
0.996604
-0.995129
-0.226256
-0.999993
0.997865
0.990174
0.813008
0.999997
-0.939595
0.287793
0.987068
-0.999997
0.999422
0.999993
-0.999595
-0.695698
-0.999623
-0.750333
-0.992201
0.725173
0.949640
0.999667
-1.000000
-0.999998
0.906543
-1.000000
0.999789
0.903770
1.000000
0.176087
-0.997840
0.999998
-0.976247
0.963615
0.591010
-0.991871
0.915755
-1.000000
0.997446
0.999944
-0.999974
-0.997587
0.998764
-0.532442
-0.383012
0.999842
0.993859
0.995630
-1.000000
-0.999909
-0.999981
-0.995454
0.999701
0.999974
1.000000
-0.999895
-0.716412
-0.995883
0.613754
0.999995
0.996154
0.999924
-0.999525
0.120912
-0.236329
0.354592
-0.998166
-0.999943
0.999347
-0.999995
-1.000000
-0.950562
0.996823
-0.999014
0.978988
0.333090
0.909503
0.999746
0.930188
-0.999945
-0.999957
-0.636462
0.005412
-0.343963
0.307731
0.986166
-1.000000
-0.999298
-0.990240
0.975678
0.996688
-0.993791
0.999946
0.995513
-0.218699
-0.995868
0.965846
-0.634624
0.996644
-0.995493
-0.176370
-0.999998
0.291754
-0.623362
0.327710
-0.981520
-0.999878
0.623067
-0.051462
1.000000
-0.997163
-0.886022
-0.938023
-0.825177
-0.811799
-0.999585
0.994437
-0.999986
-0.999019
-0.984847
-0.970907
0.976315
0.994173
1.000000
-0.908084
-0.947019
0.991926
-0.981121
0.999961
-0.965456
0.854824
0.859332
-0.996844
0.991819
0.997509
0.999987
-0.812145
-0.379573
-0.414032
-0.999963
0.998789
0.899101
0.819147
0.990911
-0.780166
-0.887484
0.999821
0.626584
0.656300
-0.996695
-0.999998
0.999017
0.999579
-0.999999
-0.999706
-0.998988
0.996959
-0.987873
0.998016
0.999783
0.942174
0.569656
-0.968692
-0.865203
0.813491
-0.994192
0.995146
-0.888705
-0.999681
-0.993422
0.995923
-0.993970
-0.999871
0.999964
-0.910453
0.985553
-0.999984
-0.992509
-0.999875
-0.999979
0.756024
1.000000
-0.947796
-0.946954
-0.821088
0.987332
-0.991848
-0.999976
0.737700
0.998926
-0.990153
0.955770
-0.831678
-0.726429
0.998200
-0.996187
-0.971130
0.999988
-0.999988
-0.998328
-0.829655
-0.962373
-0.999994
0.038937
0.997672
0.996985
-0.979076
-0.960311
-0.986255
-0.999959
-0.734115
0.868132
0.758341
-0.513053
-1.000000
-0.362897
-0.919123
-0.977360
0.999931
-0.992044
0.998492
-0.995542
-0.629652
0.999892
0.999017
0.992080
0.243760
-0.995437
-0.998393
-1.000000
0.841770
0.994328
0.998684
-0.744357
0.994847
-0.469772
-0.999980
0.999998
-0.999662
0.827506
0.999922
-0.717431
0.999877
-0.999932
-0.999891
-0.999999
-0.999973
0.999969
0.968021
0.006689
-0.999903
0.999997
-0.998762
-0.999142
-0.999401
-0.997704
0.999845
-0.626310
-0.083367
-0.999552
0.213112
-0.973100
0.776594
-0.950709
0.998621
-0.995592
-0.999023
-1.000000
0.957664
0.975990
0.994992
0.995061
-0.973587
-0.997926
0.989716
-0.357849
0.996070
0.999990
-0.999999
0.999945
0.423591
-0.999995
-0.999933
-0.701184
0.851449
0.999620
-0.186983
0.999631
0.979429
0.841698
0.986632
-0.316216
0.979704
-0.776647
-0.840395
0.999977
-0.999932
-0.999201
0.999968
0.999917
0.993127
1.000000
-0.997500
0.991472
-0.999988
0.338280
-0.972905
-0.951746
-0.999246
0.864520
0.999084
0.555812
-0.999214
-0.999965
0.917719
0.773988
0.999747
0.999379
-0.846423
0.983037
0.682402
-0.987773
0.757381
0.799193
-0.947190
-0.818121
-1.000000
0.867708
0.717850
-0.379382
0.384150
-0.969607
-0.030753
-0.998675
0.999997
-0.650481
-0.985385
0.970707
0.999949
-0.929210
0.999703
0.999781
-0.999974
-0.999999
-0.407718
-0.196979
-0.998755
0.340592
0.937068
0.244962
0.984008
-0.235829
-0.843032
-0.995293
0.848648
0.727040
0.132779
-0.999947
0.994269
-0.996794
0.615556
0.759828
-0.981036
0.868307
0.997593
0.999946
0.255880
0.624006
0.048908
0.998470
0.897738
0.904004
-0.319337
-0.999968
-0.998555
-0.647411
-0.984146
0.995619
0.855730
0.999958
0.042037
0.913190
0.982740
0.987372
0.999434
0.999451
-0.259914
-0.982282
-0.989042
0.998193
0.999395
0.960493
0.999987
-0.487062
-0.842512
-0.997588
-0.988736
-0.233281
0.988843
-0.546959
-0.268562
0.963523
0.949875
-0.921638
0.913624
0.937939
-0.999999
0.965095
0.999103
-0.999993
0.996225
0.964407
0.044083
0.443000
-0.708499
-0.997930
0.960757
0.893658
0.402683
0.999388
0.856295
-0.840213
-0.482197
0.456489
-0.972954
-0.994652
0.999974
-0.385559
-0.999826
-0.999452
-0.227369
-0.754087
-0.998352
-0.999936
-0.999891
-0.613221
0.402781
0.999882
-0.998168
0.726799
-0.972963
0.589910
-0.985876
-0.701417
0.814831
0.999061
-0.186301
-0.997207
0.998721
0.953903
0.934230
0.977926
-1.000000
0.999460
-0.970240
-0.999891
0.973541
0.999999
0.999835
-0.900578
0.635025
0.997812
-0.974774
-0.997860
-0.999905
-0.982471
-0.597011
0.962742
-0.999615
-0.999431
-1.000000
0.988841
-0.989532
-0.058467
0.084751
-0.993328
0.964997
-0.998833
0.939456
-0.992363
0.734825
0.982970
-0.250033
-0.907368
-0.992692
-1.000000
-0.929085
-0.991920
-0.240383
-0.280771
0.885996
-0.997495
-0.972749
1.000000
0.997172
0.997738
0.902338
0.944561
0.462940
-0.115470
0.929145
-0.997272
-0.446066
0.288334
-0.968164
-0.989806
-0.739288
0.999999
0.997534
-0.997247
0.425680
0.997453
-0.983296
-0.993322
-0.205340
0.950398
0.788513
0.978237
-0.535789
0.922366
-0.998409
-0.987934
0.167831
0.991316
0.999980
1.000000
0.994206
0.981227
-0.998359
-0.998355
0.996615
-0.988835
-0.993685
-0.983928
-1.000000
0.989777
-0.900048
-1.000000
0.999966
0.837902
0.997363
0.983714
-0.956847
0.997075
-0.679087
0.996323
0.921988
-0.999487
0.923102
-0.999519
-0.995160
0.984960
-0.504256
-0.565725
0.222234
0.998920
-0.998627
0.999996
-0.999106
0.828580
-0.999999
-0.999554
-0.999543
-0.349230
0.851649
0.999999
-0.459781
0.981817
0.998204
-0.881847
-0.972545
0.982794
-0.906852
0.999993
-0.576583
-0.436786
0.854047
-0.977093
-0.985260
-0.994374
-0.999956
-0.999862
-0.980407
0.997606
-0.955746
-0.977089
-0.999951
-0.999897
0.067771
-0.976913
0.373862
0.994879
-0.516443
-0.651421
-0.986144
0.596092
0.735342
-0.785520
-0.999991
-0.999946
0.913719
-0.999998
0.934335
-0.844383
0.992762
-0.251789
-0.009578
-0.943809
-0.706917
0.182761
0.619138
0.981516
0.997620
-0.999994
-0.984324
-0.998761
0.500195
0.292698
0.999552
0.999608
0.999035
0.999982
0.656615
-0.689760
-0.893570
-0.992335
-0.986141
0.755054
-0.997856
-0.999994
-0.962633
-0.219993
-0.987064
0.622606
-0.981569
0.999977
0.984961
-0.732483
0.933728
-0.999800
0.999658
0.996702
-0.999975
0.931410
0.234175
0.998911
0.999986
0.999587
-0.999145
-0.941154
0.583521
-0.998280
0.975187
-0.931788
-0.748652
0.998853
0.862585
-0.808452
0.999979
0.725667
0.957336
-0.999881
-0.999959
0.999791
0.999987
-0.999989
-0.997914
-0.999722
-0.936945
-0.960433
0.999985
0.991865
0.999039
-0.998087
-0.770653
-0.831469
0.999810
-0.623252
-0.124163
0.881975
0.426802
-0.312018
0.999874
0.998486
-0.755201
0.973984
-0.999990
0.349259
-0.999999
0.841864
-0.996313
-0.994477
0.803531
0.990208
-0.832730
0.990809
-0.989858
-0.997032
0.996638
0.110512
-0.512501
0.999742
-0.997133
0.999916
0.431043
0.973925
0.999867
1.000000
-0.999954
0.998928
-0.999812
-0.582673
-0.994215
0.717664
-0.966187
-0.999918
0.998425
-0.997338
0.859289
0.444774
-0.988317
-0.999992
-0.999521
0.999981
0.117922
-0.998934
-1.000000
-0.999997
-0.774287
0.991831
0.998770
0.999526
-0.830261
0.999990
-0.996669
-0.174147
0.909910
0.998498
-0.907681
0.969420
-0.488971
-0.999999
-0.248895
-0.994528
0.999180
-0.984808
-0.999884
0.999754
-0.999971
0.999980
-0.999886
-0.933102
0.299766
-0.994837
-0.999450
-0.986144
-0.680942
-0.999990
-0.999997
0.992296
0.997577
-0.999491
-0.999674
0.999995
0.996382
-0.928621
0.999999
0.993575
0.861593
0.998669
-0.994976
-0.999369
-0.994599
-0.999432
0.999649
0.509784
0.999421
-0.999574
-0.803190
-0.999359
-0.657503
0.888435
0.448413
0.991098
0.990781
-0.960610
0.999792
-0.921648
-0.907672
0.503946
-0.999997
-0.998787
0.999645
-0.999997
0.308191
0.921577
0.933085
0.989269
-0.995739
0.983627
0.999397
0.836480
0.988116
-0.981563
-0.535926
0.994765
-0.266537
-0.314827
0.673273
-0.999633
0.996795
-0.992486
0.682157
0.992190
0.500264
0.999483
-0.999654
-0.870134
0.980874
-0.988206
-0.491009
-0.992637
-0.999222
0.999843
-0.335625
-0.998454
-0.973891
-0.998217
-0.002649
0.986360
-0.706498
0.002071
-0.325147
0.689271
-0.996199
-0.944948
-0.997848
0.648422
-0.945802
0.586634
