0.964187
-0.993000
-0.999685
0.941795
0.999995
0.998188
-0.645135
0.993795
0.600370
0.999999
0.991089
-0.949833
0.570126
0.512336
-0.729547
-0.849804
0.982938
-1.000000
-0.994922
0.823676
0.999719
0.999449
-0.998953
0.952504
-0.999188
-0.992193
0.999997
-0.999338
-0.984154
-0.893177
0.997505
0.076768
-0.984839
0.603246
0.999930
-0.991985
0.999989
-0.254864
0.906355
-0.997584
0.942615
-0.857050
-0.563073
0.072535
1.000000
0.258246
-0.981993
-0.842956
0.997871
-0.733994
0.997850
-0.966048
0.636154
-0.973471
-0.906835
0.842589
-0.993178
-0.996267
-0.999826
-0.630999
-0.996578
0.860933
0.999275
-0.997748
0.964698
-0.798153
0.999179
0.551305
0.994199
-0.999999
0.660838
-0.999768
-1.000000
0.999982
0.999996
0.983259
0.970414
0.998624
0.988106
-0.902022
-0.995766
-0.782450
-0.974648
-0.978230
-0.146432
-0.999377
-0.398070
-0.349684
0.407073
0.988962
-0.999265
-0.998065
-0.989001
0.998899
0.859238
0.535729
0.999980
-0.966401
0.999822
-0.906365
0.994326
0.702914
0.989399
0.367309
-0.884378
0.810806
-1.000000
-0.999962
0.924929
0.671334
0.968382
0.953790
0.383523
0.898216
-0.994331
-0.999576
-0.979460
-0.995327
0.999945
0.994741
0.609456
-0.998232
0.995367
0.911853
-0.801100
-0.999677
-0.999221
-0.476075
0.962503
-0.749971
-0.999997
0.418443
1.000000
-0.999705
-0.152939
0.999532
-0.808044
0.999999
0.962076
-0.999523
-0.833503
0.947837
-0.876363
-0.895873
0.143421
-1.000000
-0.868156
-0.985254
0.992511
0.999853
-0.999085
-0.978440
-0.992592
-0.586227
0.999968
-0.999936
-0.999496
-0.967957
0.992025
-0.991472
-0.998555
0.715359
0.960444
-0.999972
0.873424
0.491106
0.272516
-0.937775
0.246111
0.939856
0.878044
0.976871
0.999992
-0.630610
0.922096
0.993190
0.999999
-0.871397
-0.954055
-0.909048
0.053255
0.076829
-0.999577
-0.685434
0.759417
0.802356
0.998933
0.598287
0.005175
-0.232716
0.957574
-0.999838
0.094001
-0.895875
-0.488641
-0.861302
-0.113345
-0.999998
-0.985219
-0.998986
-0.999946
0.851041
1.000000
0.999553
-0.999006
-0.999539
0.421977
-0.999328
-0.999888
-0.999998
-0.999228
-0.999982
0.963911
-0.999876
0.992583
-0.658020
-0.965166
0.008319
0.956778
-0.999934
0.957327
0.986785
-0.573153
-0.964217
0.999995
-0.622907
-0.995582
-0.982704
0.999998
0.994929
-0.814061
0.722538
-0.969959
-0.999438
-0.858169
-0.381237
0.934214
0.978437
-0.503671
1.000000
-0.909856
-0.371442
-0.040434
0.996778
-0.523892
-0.735927
0.901080
0.997867
-0.550761
-0.999999
0.033430
-0.630256
-0.865619
-0.999587
-1.000000
0.831281
-0.986277
0.999967
-0.999993
-0.997782
1.000000
0.998953
-0.988451
0.999701
-0.161698
-0.702483
-0.994205
0.999996
0.854759
-0.792026
-0.994276
0.999503
-0.444847
-1.000000
-0.999969
-0.999997
-0.947683
0.999999
-0.768743
-0.598803
0.998441
-0.996392
1.000000
-0.990082
-0.999991
0.990272
0.999270
0.987837
-0.999697
0.927401
-0.969841
-0.999563
0.999644
0.999778
-0.699050
-0.998557
0.989297
-0.963677
0.960667
-0.999309
-0.998645
-1.000000
-0.861060
-0.992594
0.531251
0.620412
-0.990808
-0.165111
-0.997392
0.649029
0.999960
-0.997021
0.996936
-0.992064
0.349212
0.999998
-0.999289
0.904798
-0.999995
-0.999917
0.996586
-0.998681
-0.999955
-0.920442
0.971558
-1.000000
-0.884525
0.228779
-1.000000
0.999987
1.000000
0.998140
0.997638
0.997918
0.925773
0.997845
-0.999395
-0.999978
0.999319
-0.954415
0.996481
-0.999866
-0.999725
-0.158165
-0.996944
-0.996172
-0.985951
-0.998313
-0.988156
0.999899
0.997195
0.996143
0.994099
-0.945699
-0.999959
0.897816
-0.992822
-0.999995
0.999426
-0.764724
-0.265248
-0.999991
0.999979
0.990405
0.995385
-0.996500
-0.851832
0.999874
-0.999800
0.971331
-0.623477
0.992129
0.785014
-0.967517
0.999447
-0.999422
-0.789738
-0.999697
-0.897958
0.758666
0.911355
-1.000000
-0.999985
-0.977068
0.697788
1.000000
-0.999997
-0.885076
1.000000
0.999992
0.649517
0.999968
-0.998441
0.999991
0.857871
-0.971708
0.999963
0.273522
-0.997886
-0.970162
0.188379
-1.000000
-0.999785
-0.999963
0.991517
0.999990
0.255660
-0.628702
0.544162
-0.884473
1.000000
-0.999874
-0.999997
-0.972718
0.601781
0.986912
-0.981754
0.992698
0.999948
-1.000000
1.000000
0.999727
-0.953268
-0.999902
-0.677898
0.991417
0.821383
0.780440
0.932684
-0.999905
0.999335
-0.181908
0.999205
-0.610862
0.566256
-0.894045
-0.989223
0.995514
0.998876
-0.996339
-0.949514
-0.999907
0.990271
0.999999
-0.998439
-0.069265
-0.999630
-0.999996
0.997376
0.528094
-0.999995
-0.998992
0.998704
-1.000000
-0.989267
0.936691
-0.999999
0.999998
1.000000
0.985793
0.995680
-0.950880
0.999946
0.305743
-0.999998
-1.000000
-0.967975
0.409281
0.850067
-0.999971
-0.997853
0.978975
0.987201
-0.999868
-0.970140
-0.967385
-0.535277
0.961263
0.999972
0.999901
1.000000
-0.999864
-0.995379
-0.977441
0.998299
-0.999989
0.999997
-0.146860
-0.961176
-0.999999
0.993276
0.431014
0.998715
-0.311713
0.951048
0.999999
-0.998101
-0.994649
0.767456
-0.898076
0.497512
-0.973905
0.989517
-0.992885
-0.998647
-1.000000
-0.911633
-0.396669
-0.439162
-1.000000
-0.999997
-0.965841
-0.947849
-0.996989
0.999501
-0.596032
0.999898
0.986050
-0.776802
0.979399
0.983257
0.991788
0.991945
-0.980695
0.836956
-0.753476
0.800546
-0.999309
0.728547
-0.999989
0.808406
-0.656275
0.832035
0.999089
-0.782944
0.998586
-0.712719
-0.999920
0.998708
-0.999649
-0.999999
-0.988775
0.692067
0.524987
0.946477
-0.999195
0.907034
-0.731156
0.999978
-0.359639
0.998690
-0.842629
-0.995711
0.980450
0.794075
-0.996309
0.999977
0.999997
-0.979302
0.990049
0.994078
-0.981207
0.966513
0.999849
-0.699858
-0.836838
0.995075
-0.999908
-0.987455
-0.983599
-0.999845
0.988666
-0.999993
-0.038918
0.980850
-0.970333
0.961854
0.181004
0.786888
-0.956069
0.999767
-0.999973
0.999386
-0.966634
-0.999893
0.943482
0.999994
0.977652
0.982181
-0.856287
-0.119009
0.955127
0.918776
0.999982
-0.973794
-0.992312
0.998380
-0.993669
-0.992253
0.998142
0.991915
-0.237496
-0.422112
0.987773
-0.985673
0.662820
-0.585176
0.997984
0.999825
-0.999977
0.647835
0.999181
-0.963503
0.991944
0.997351
-0.970773
-0.772883
-0.996527
-0.999843
0.993591
-0.734977
-0.937675
0.514306
0.998637
-0.999305
0.991764
0.771473
0.552381
-0.999945
0.909569
-0.997034
0.960416
0.854675
0.997502
0.999502
0.650377
0.999992
-0.999975
-0.877968
-0.913649
0.858139
0.999582
-0.999903
-0.999915
0.999992
-0.914750
0.858158
0.984602
-0.531889
0.363392
-0.999507
0.998178
0.998924
0.249771
-0.986791
0.999487
-0.986979
-1.000000
-0.894130
-0.027712
-0.998653
0.999989
0.072738
-0.961098
0.997123
0.588945
0.999973
-0.987149
-0.977235
-0.999126
0.990382
0.929221
-0.999996
-0.578718
-0.999432
0.999990
-0.744824
-0.999988
0.963572
-0.980790
-0.445809
-0.965622
0.800200
0.258301
0.971708
0.958328
-0.983826
0.859813
0.953700
0.982893
0.999995
-0.998295
-0.970753
-0.998251
-0.964191
-0.945208
-0.679506
-0.782685
-0.971771
0.999437
-0.980412
0.999915
-0.239685
0.998754
0.993799
0.999700
0.647230
-0.996504
0.899007
-0.999999
-0.999184
-0.347143
-0.995120
0.994407
1.000000
0.228818
-0.999824
-0.999853
0.994438
-0.993127
-0.999975
-0.999998
0.999833
-0.999455
1.000000
-0.976774
-0.781859
0.720556
-0.998646
-0.987036
0.924519
-0.999587
0.990729
0.016441
0.176443
0.999999
0.886389
-0.993652
-0.998683
-0.998091
0.663141
-0.290009
-0.710404
-0.999952
-0.964292
-0.999149
-0.646581
0.814654
-0.988191
0.996161
-0.996312
0.994047
-0.706931
-0.987985
-0.985069
0.998823
-0.861485
0.990538
-0.715552
0.983084
-0.992716
-0.989374
-0.999679
0.995330
-0.478229
-0.999753
-0.992452
-0.994819
-0.014486
-0.840037
0.982119
-0.999928
0.999998
-0.389931
-0.352945
0.587883
0.993803
-0.681064
-0.855521
-0.900646
0.983097
-0.691161
-0.640987
0.999938
-0.999961
-0.999999
-0.993790
0.990034
-0.992006
0.999775
-0.999830
-0.220516
-0.705328
-0.998283
-0.998126
0.744101
0.625293
-0.995080
0.999724
0.981014
-0.999969
0.075006
-0.126816
1.000000
-0.999970
-0.959640
-0.920345
-0.999273
0.988480
-0.929758
0.356733
-0.617237
-0.507800
0.379513
-0.915497
0.997566
-0.991145
0.997771
0.989942
0.999378
-0.953678
-0.926339
0.997864
-0.996954
0.437443
-0.132558
-0.999999
0.362157
0.988541
0.936267
-0.908627
0.999973
0.933167
0.370240
0.680790
0.331175
0.961494
-1.000000
0.523714
-0.124123
-0.990926
-0.626831
0.999998
-0.878924
-0.999339
-0.212681
0.949197
0.149780
-0.998985
-0.963488
0.932788
-0.473488
1.000000
-0.999989
0.990265
0.994742
-0.989665
0.993648
0.950536
-0.919037
0.912046
-0.973868
0.684298
1.000000
0.969196
0.949374
0.988631
-0.768883
-0.615595
0.823569
-0.997929
0.983461
0.806404
0.905294
-0.503994
0.907695
-0.985471
0.998314
-0.997445
0.727100
-0.112343
0.936261
0.883191
0.996812
-0.992931
-0.621542
-0.999555
-0.454990
-0.851329
-0.684511
0.552428
0.877156
0.998475
-0.999713
0.886763
-0.999990
-0.973899
-0.578801
-0.981251
0.999819
0.999999
-0.983045
-0.953017
-0.536906
-0.962967
-0.241183
-0.988850
-0.995888
0.980637
-0.971803
-0.211623
-0.949274
-0.999992
-0.999994
0.993221
0.994538
0.998123
0.999566
-0.992788
0.303956
-0.984828
-0.998059
0.999967
-0.997699
-0.999926
-0.955185
0.914170
-0.988771
-0.987226
-0.983985
0.865462
-0.904340
-0.844972
-0.984470
0.959036
-0.998499
0.959445
-0.946359
0.819324
0.867057
0.995533
-0.885232
-0.968801
0.999999
0.937591
-0.867028
-0.939369
0.960442
-0.862434
0.822711
-0.990858
-0.998804
-0.982960
-0.493224
-0.345458
0.992984
0.553649
0.976901
0.974850
0.911218
-0.986330
0.859724
-1.000000
-0.984911
0.831324
-0.999944
0.564989
-0.920948
-0.963277
0.999075
0.999994
0.995053
-0.994066
-0.999936
-0.742300
-0.997692
-0.999276
0.952837
-0.998199
-0.873635
-0.998788
-0.996863
0.980664
0.874530
-0.911887
-0.307003
0.976438
0.910339
0.991226
0.898061
0.987867
0.434523
0.999990
-0.988032
0.098333
-0.964465
0.964889
0.997976
0.717078
-0.982570
-0.990001
-0.999871
0.559906
-0.981387
-0.816884
0.992664
-0.983748
0.999949
0.999449
-0.646839
-0.971985
-0.994962
-0.999885
-0.810602
-0.867239
0.648138
-0.950506
-0.996333
0.748731
-0.911324
0.916264
-0.999775
-0.999955
-0.994761
0.761414
-0.978713
-0.996756
0.642611
1.000000
-0.999954
-0.999614
-0.330190
-0.112457
-0.919305
0.952119
-0.990886
-0.998708
0.749412
-0.925297
-0.986289
-0.283087
-0.999998
0.925124
-0.521293
0.958057
0.999942
0.861337
0.278490
-0.999893
-0.042146
0.999999
0.999241
-0.999999
0.936034
0.999447
0.223818
-0.924112
-0.980105
0.638390
-0.993599
-0.999434
-0.980213
0.979087
-0.336449
-0.845458
-0.100494
-0.988238
0.997819
-0.963724
-0.872901
0.153398
0.985350
0.679899
-0.913267
-0.997771
0.250755
-0.775100
-0.733259
-0.930371
0.276548
0.145131
0.983728
-0.999732
0.941534
0.840149
0.136946
-0.621096
0.999578
0.990776
-0.561234
-0.787226
-0.999837
-0.688680
-1.000000
0.862738
0.237051
-0.999972
0.999540
0.999999
0.860101
0.993852
0.747766
-0.454102
0.980288
-0.854191
-0.946358
-0.999035
-0.987792
0.999587
-1.000000
-0.970737
0.777379
-0.718551
-0.619256
0.984112
-0.970059
0.954651
0.999039
-0.948387
0.996407
0.986570
0.997864
-0.994317
0.990426
-0.803326
0.999189
-0.483552
-0.529231
-0.162052
-0.994606
0.947770
0.615778
0.948936
-0.993597
0.563043
0.999914
-0.803964
0.995106
-0.997067
0.955320
-0.640931
0.891252
-0.683989
-0.977947
0.991201
-0.978098
-0.851696
0.484913
0.506640
-0.994340
-0.999924
-0.973636
0.868892
0.997891
-0.996257
-0.997395
1.000000
0.999733
-0.927680
0.722583
0.228653
-0.574828
-0.909561
0.987822
0.999988
-0.901548
-0.119895
0.998711
-0.784988
-1.000000
-0.331092
0.972312
-0.999887
0.999994
-0.553549
-0.902173
0.984176
-0.994922
-0.970079
-0.602454
-0.992235
0.908573
0.998689
0.794046
-0.605755
-0.997154
-0.764669
0.999921
-0.995646
0.132148
-0.828352
-0.791185
0.753509
-0.999799
-0.998550
-0.500028
-0.997085
-0.993750
0.343484
0.997344
-0.999919
-0.969081
0.957035
-0.984751
-0.499814
-0.150579
-0.999950
-0.996939
-0.859936
-0.878021
-0.999995
0.739360
0.905216
0.954852
-0.998267
0.999709
0.999838
-0.948692
0.758908
-0.847416
0.892894
-1.000000
0.977089
-0.849434
0.933026
-0.893734
0.999997
-0.953686
-0.741125
0.260091
0.989165
-0.983362
0.464276
-0.926696
0.995303
-0.855608
0.999900
-0.999980
-0.986682
0.889131
0.556484
-0.959378
0.999873
-0.999072
0.957795
-0.933183
0.998991
1.000000
0.999303
-0.792734
0.461085
-0.989794
0.990943
-0.162071
0.947086
-0.314347
-0.621430
0.990949
0.961872
-0.999917
0.238746
0.959486
0.301704
0.999908
-0.985772
0.202770
0.987997
0.953730
-0.987808
-0.940145
-0.999291
-0.905191
0.542595
-0.999883
-0.999383
0.961698
0.995998
-0.999980
0.990075
-0.660880
-0.998059
-0.995126
-0.999966
0.847510
1.000000
-0.998986
0.967902
0.965959
0.979549
0.999930
0.851943
-0.998682
-0.817404
0.859620
0.901781
-0.989819
0.523885
-1.000000
-0.999176
-0.999358
0.999915
1.000000
-0.995372
0.790667
-0.993139
-0.743130
0.999956
-0.990737
-0.999815
-0.552940
0.999988
0.796753
-0.999463
0.471175
0.999801
-1.000000
0.999923
0.982314
0.994898
-0.999424
-0.991237
-0.255654
0.641512
0.997796
0.999995
-0.025413
-0.999864
-0.997139
0.999964
-0.254776
-0.974171
0.995925
-0.993540
-0.968732
0.504644
-0.998343
0.995179
-0.939618
-0.958793
0.999525
-0.998438
-0.829941
-0.915879
-0.999820
0.999801
-0.999273
-0.985918
-0.976228
-0.967973
-0.999999
0.993680
-0.376624
-1.000000
0.999977
1.000000
0.941943
0.998132
0.998291
0.900471
0.618122
-0.999970
-0.999993
-0.999794
0.605164
0.996440
-0.999718
0.941284
0.999645
-0.997036
0.998265
0.983143
0.419223
0.999121
0.947716
0.532666
-0.999943
0.999987
-0.943003
0.820890
0.999900
-0.993345
-0.999926
0.999954
-0.873786
-0.957477
-0.999690
-0.999886
-0.822188
0.829054
-0.998026
0.502625
0.999882
-0.852400
-0.740434
-0.026917
-0.987613
-0.997878
0.509993
0.981551
-0.997876
0.912528
-0.999942
0.963170
-0.997615
0.195359
-0.999382
-0.999874
-0.999345
-0.576007
-0.725471
-0.999999
0.975613
0.999421
0.986656
-0.998315
0.999688
0.999858
0.999994
0.933286
0.999958
0.999935
-0.997458
0.999651
-0.999994
0.603810
-0.999975
0.991121
-0.996161
-0.998477
0.999620
-0.999894
0.144040
0.978487
-0.634077
0.999875
-0.999734
-0.998810
-0.998139
0.762075
0.954717
0.951008
0.987602
0.991195
-0.990828
0.998410
0.992069
0.997580
-0.978156
-0.632239
-0.871460
-0.620474
-0.928988
0.999977
0.663760
0.966219
0.991700
0.951255
0.863459
0.996312
0.978444
0.994323
-0.368676
0.940717
-0.930116
0.998901
-0.998608
0.142693
0.962429
-0.994166
0.997831
-0.999920
-0.999594
-0.995280
-0.911848
-0.986532
0.985440
-0.978199
-0.993642
-0.122242
-0.051600
-0.999940
0.999252
0.999937
0.770133
-0.998569
-0.987796
-0.999372
-0.996158
-0.970726
-0.999614
0.993730
-0.999564
0.999092
-0.950872
0.998887
-0.711538
-0.973874
-0.910897
0.988164
-0.987076
0.997782
0.961255
-0.236752
0.891129
0.735642
-0.999997
-0.998977
0.921055
0.788828
-0.998779
0.999907
-0.419247
-0.496364
-0.990159
-0.990950
0.016723
-0.672163
0.456504
0.143320
0.998498
0.303380
0.998205
-0.999662
0.997984
-0.999543
-0.590394
-0.999885
0.989549
-0.914232
-0.998507
0.779182
0.882881
-0.848385
-0.983956
-0.998523
0.149113
0.968964
0.999594
-0.995487
-0.989591
0.999991
-0.962829
-0.999968
0.970132
-0.923229
0.939423
0.985088
-0.920728
0.999833
0.996311
0.891468
-0.970352
0.566894
-1.000000
-0.696338
-0.891981
0.999823
0.999970
-0.731530
0.271119
-0.999982
-0.999702
0.999978
-0.964069
-1.000000
0.984601
0.995465
0.993680
-0.986604
-0.975599
-0.946965
-0.933661
-0.982506
-0.981723
0.199990
-0.997335
-0.999998
-0.999077
-0.976519
0.999784
-0.993388
-0.962810
-0.065457
0.928325
0.992815
-0.990076
-0.997641
-0.997186
-0.809316
-0.904178
-0.918716
-0.962515
-0.956164
-0.979717
0.991827
0.995588
0.999944
-0.704225
0.933300
0.991789
0.971863
-0.857215
0.632632
-0.212150
-0.858298
-1.000000
0.947407
-0.964695
-0.999984
0.984206
1.000000
-0.997603
-0.757344
-0.989415
0.925306
-0.884406
0.874790
-0.999944
-0.999597
0.975601
0.997961
-0.999991
0.965898
-0.657665
-0.994042
-0.999067
0.709429
0.994234
0.952944
0.996165
-0.876089
0.996497
0.999978
0.547951
-0.973579
0.935180
0.837471
0.883178
0.999125
-0.995221
0.351144
-0.998716
0.989932
-0.347068
0.949535
0.983544
0.991354
0.971948
-0.999997
0.950265
0.996912
-0.994977
0.315626
-0.918479
-0.984990
-0.917849
-0.343881
-0.999970
-0.997523
-0.901456
0.999946
-1.000000
0.868145
0.996571
-0.941359
-0.999655
-0.999999
0.998348
1.000000
-0.999956
0.336770
0.999885
0.929792
0.999856
0.922430
-0.984510
0.928498
-0.255068
0.999353
-0.999892
-0.704789
-1.000000
-0.990003
-0.970988
0.999986
1.000000
-0.999680
0.696550
-0.999943
-0.998643
1.000000
-0.999728
-0.999997
-0.625667
0.999773
-0.895558
-0.996131
0.999946
0.981998
-1.000000
0.999514
-0.747720
0.880172
-0.999415
-0.990337
-0.241805
-0.589433
0.993986
0.999994
-0.867265
-0.999019
0.820942
0.999735
-0.767152
-0.999796
0.998213
-0.995936
-0.986012
0.016818
-0.942577
0.996818
-0.876460
-0.968139
0.997972
-0.998672
0.843015
-0.490850
-0.999780
0.989726
-0.993160
-0.994404
0.929340
-0.999491
-0.999985
0.998961
-0.961408
-0.999998
0.998297
0.999999
-0.971995
0.998343
0.983764
0.985493
-0.988271
-0.919790
-0.999991
-0.999978
-0.224004
0.966022
-0.999865
0.996973
0.909211
-0.999794
0.951655
0.929218
0.916791
0.986535
0.970574
-0.849812
-0.999890
0.999260
-0.999593
0.982141
0.998279
-0.449075
-0.994194
0.999891
-0.213237
0.662605
-0.999993
-0.999773
0.607023
-0.727736
-0.697366
0.281608
0.999370
-0.979622
0.998790
-0.021812
-0.983464
-0.994590
-0.861193
0.214778
-0.608372
0.540738
-0.999849
0.798798
-0.996648
0.994742
-0.999987
-0.997776
-0.998762
0.977218
0.830431
0.942296
-0.972067
0.999845
0.314688
0.764419
-0.999997
0.984845
-0.999799
-0.958771
0.996962
0.998539
0.912062
0.679934
0.999131
-0.794926
-0.999998
0.626298
-0.333767
-0.999980
0.992089
-0.964553
-0.820150
0.186119
-0.975566
0.763734
0.999973
-0.967623
-0.996383
0.996724
0.999433
0.933721
-0.739056
-0.742112
1.000000
-0.999982
0.929238
0.132288
0.985907
-0.396655
-0.929577
-0.997512
-0.999810
-0.926719
0.990363
-0.984933
0.998525
-0.995805
-0.949846
0.954336
-0.933214
0.727376
-0.999495
-0.944324
-0.993541
0.089531
0.957397
-0.999998
-0.038305
-0.843797
0.388421
0.730640
1.000000
0.939477
0.585038
-0.934362
0.885011
0.873232
-0.999995
0.851454
0.945556
-0.988199
-0.890476
0.999998
0.631590
-0.949605
0.553625
0.701512
0.659115
-0.933458
0.781451
0.999980
-0.996187
0.980725
-0.999998
0.218548
0.984441
0.999220
0.996396
0.344744
-0.945975
0.909012
-0.752578
-0.994612
0.999735
0.960985
0.970349
0.954113
-0.996394
-0.899863
0.992615
-0.999965
0.990992
-0.166143
-0.996410
-0.903812
0.808210
0.914206
0.333651
0.995585
0.992496
-0.975778
-0.383121
-0.866637
0.882776
-0.999927
-0.894291
0.661263
0.973181
0.975803
0.994887
0.954999
-0.149658
0.984230
-0.999965
0.690746
0.987784
0.998076
0.999379
-0.999386
-0.983586
1.000000
0.972157
0.062255
-0.376057
-0.015272
-0.354373
-0.999773
-0.789409
0.999991
-0.820841
-0.999144
0.997585
-0.996745
-0.999991
-0.740576
0.850498
-0.889164
0.997912
-0.999970
0.999109
-0.994585
0.725488
0.997638
-0.992178
-0.998413
0.819731
0.867702
0.902009
-0.999090
-0.998505
-0.827511
0.999802
-0.999999
-0.684696
-0.761354
-0.962974
0.817362
-0.952632
-0.988865
0.057019
-0.999900
-0.897993
0.139204
0.387921
0.081542
-0.994853
-0.748303
0.790238
-0.978205
0.990591
0.999644
-0.991544
0.977849
0.805842
-0.898364
-0.986346
0.673818
-0.637890
0.981333
0.999983
-0.387713
-0.996444
-0.988869
0.925871
-0.807004
-0.999973
0.999926
-0.975847
-0.997418
-0.999941
0.999999
-0.980996
0.665569
-0.888163
0.906694
-0.999979
-0.995311
0.778989
0.884773
0.089196
-0.326032
-0.998992
0.957337
0.969078
-0.995250
-0.999996
-0.999844
-0.992748
0.995052
0.966940
-0.986214
0.999931
0.995637
0.997103
-0.997292
0.604023
-0.998314
0.999998
-0.990571
0.530413
0.997849
-0.998969
0.579763
-0.998843
0.912957
0.612928
-0.999896
0.813698
-0.937428
0.949320
-0.976339
0.936190
-0.999981
-0.974493
-0.999964
-0.858851
0.966136
-0.997519
0.999119
0.003519
0.999774
-0.998063
-0.999798
0.950001
0.999919
0.994633
-0.863211
-0.996927
0.999769
-0.204739
0.697478
-0.877964
0.979200
0.995673
-0.874616
0.563846
0.209917
0.830552
0.928558
0.937761
0.991523
-0.999983
0.905842
-0.938359
-0.965042
0.952774
-0.959545
-0.820266
0.910984
0.995322
0.999798
0.971071
-0.954859
0.933913
0.868951
0.748044
-0.982914
0.916861
-0.999838
0.962748
0.162745
-0.817568
0.839357
-0.834913
-0.980371
-0.929902
0.909706
-0.985314
0.805663
0.978693
0.732928
-0.952025
0.998590
0.972354
0.991510
-0.929255
-0.461426
-0.999965
-0.999784
0.146439
-0.463035
-0.999585
-0.968965
0.985183
0.135274
0.449398
0.933234
-0.042789
0.997085
-0.999667
-0.696162
-0.991121
-0.980892
-0.999998
-0.791308
-0.844349
-0.952919
-0.337703
0.999980
0.412275
-0.291539
-0.650063
0.372724
0.861242
0.990597
-0.999994
0.998649
-0.903932
0.992322
-0.999804
-0.253318
-0.999842
-0.999871
-0.041226
-0.986378
-0.550521
-0.950629
0.996301
-0.996307
0.809040
-0.202376
-0.469458
-0.989538
-0.151848
0.957517
-0.304957
-0.999028
-0.373213
0.225428
-0.965732
0.502166
0.032831
0.527117
-0.858488
-0.470020
-0.874252
-0.399272
0.544432
-0.602558
-0.951100
-0.600723
-0.633846
0.967807
-0.721765
-0.837072
-0.773729
-0.764329
0.999964
0.938724
-0.999990
-0.985182
0.941038
0.970892
-0.066601
-0.523278
0.908653
0.999236
0.999908
-0.933664
-0.998328
0.999305
-0.976765
0.993703
0.999969
0.751075
0.998749
-0.871818
0.955873
-0.998348
-0.999962
0.859249
-0.800104
-0.999995
0.997285
0.999697
-0.111446
-0.833775
-0.999125
0.997253
0.965693
-0.856370
-0.994388
0.999928
0.999727
0.216575
-0.997975
-0.999801
0.999999
-0.999967
0.400278
0.966952
0.896632
-0.992599
0.237222
-0.999989
-0.992620
-0.969580
0.818948
-0.002467
0.993351
-0.999510
0.015877
-0.966249
-0.985112
-0.055192
-0.999804
-0.137298
-0.999375
0.187177
-0.713142
-0.993135
0.982116
-0.384029
-0.543802
0.273959
0.999868
-0.977337
0.896682
-0.999714
0.994591
0.976435
-0.999991
-0.235714
0.589892
-0.999939
0.247436
0.999998
0.998599
0.997991
-0.990720
-0.269305
0.958454
-0.769158
0.967173
0.896723
-0.995431
0.969604
-0.999999
-0.983186
-0.880318
0.997629
-0.400873
0.913977
-0.999404
-0.999432
0.841119
-0.964410
0.999992
0.609451
-0.588101
-0.833998
-0.965608
-0.698765
0.998531
-0.292748
0.308006
0.090159
-0.996913
0.852562
-0.653271
0.308901
-0.855961
0.330703
0.998793
-0.999860
0.980169
-0.966906
0.999038
-0.999976
0.998119
-0.360318
0.912130
0.706981
0.914539
-0.271763
0.924837
0.994926
-0.999999
0.907712
0.989057
-0.962243
0.998436
-0.738498
0.999967
0.983777
-0.999946
-0.999997
-0.991718
-0.980358
-0.999782
-0.980437
-0.567163
0.492363
-0.882415
0.998305
-0.989498
-1.000000
-0.999987
-0.290900
0.997724
0.972311
0.996485
-0.888218
-0.665082
-0.999680
-0.999547
0.999995
0.990440
-0.999780
0.488128
0.788824
-0.999051
-0.999219
-0.961290
-0.623772
0.605508
-0.999211
0.891630
0.985604
-0.876867
0.999151
-0.983340
-0.326551
0.983496
-0.961569
-0.843218
-0.993198
1.000000
-0.871566
0.984753
-0.746139
-0.994065
-0.877905
0.996078
0.994805
-0.999432
0.927729
0.999448
0.784763
0.982004
0.993258
0.992959
-0.994046
0.999533
-0.996314
0.965863
-1.000000
0.563950
-0.997028
-0.999963
-0.633192
-0.996847
-0.992518
0.998830
0.999990
0.999109
0.883099
-0.999960
0.998770
-0.994091
-0.974837
0.188052
-0.999988
-0.977171
-0.990135
-0.987708
0.698325
-0.654607
-0.881411
-0.999891
-0.961520
0.991016
-0.999452
0.981778
0.878026
0.999168
0.990399
0.977849
-0.928614
0.906828
0.998856
0.995788
-0.982759
0.312703
-0.979856
-0.999332
0.996051
-0.900194
-0.570280
0.997282
-0.589910
0.997304
0.998818
0.573760
-0.981740
-0.917549
-0.999439
-0.304108
-0.999756
-0.992710
-0.974686
-0.787663
0.975946
0.641434
0.967697
-0.999707
-1.000000
-0.998961
-0.238164
-0.989050
-0.999937
0.998737
1.000000
-0.997847
0.082349
0.998962
0.999141
0.999996
0.932078
-0.977291
-0.252692
0.995060
0.995136
-0.967226
0.917476
-1.000000
-0.998930
-0.996163
0.998800
0.999921
-0.954325
0.980473
-0.994492
0.947222
0.999998
-0.999932
-0.999951
-0.070178
0.991922
0.997523
-0.998561
-0.984440
0.995387
-1.000000
0.997212
0.919208
0.995589
-0.996751
-0.934399
-0.924519
-0.996118
0.999947
0.999997
0.837541
-0.997932
-0.422902
0.998978
-0.950395
-0.993400
0.964403
-0.963221
-0.995126
-0.746570
-0.914346
0.999851
-0.991074
-0.958608
0.999869
-0.993335
-0.995460
-0.384770
-0.997357
0.999684
-0.999880
-0.952229
-0.861389
-0.999194
-1.000000
0.985257
-0.999588
-0.999998
0.999904
0.999998
0.773266
0.995192
0.986605
0.684878
-0.596606
-0.994844
-0.999999
-0.998123
-0.995574
-0.338970
-0.999999
0.980241
-0.049782
-0.999988
0.991465
0.997845
-0.990546
0.973768
0.999602
-0.964849
-0.986697
0.998223
-0.997583
0.992810
0.999045
0.363305
-0.982408
0.999945
-0.726676
-0.993566
-0.999967
-0.999878
-0.972120
0.759188
-0.975115
-0.298985
0.999503
-0.983669
0.377973
-0.948881
-0.805704
-0.995100
0.903757
0.987962
-0.684983
0.864123
-0.999992
0.237530
-0.986221
-0.815176
-0.992654
-0.998409
-0.820326
0.990716
0.998214
-0.998458
0.037762
1.000000
-0.279253
-0.994201
0.998359
-0.309044
0.999921
-0.999167
-0.998017
0.953192
-0.995459
-0.649748
-0.894558
-0.627734
-1.000000
-0.997984
-0.111874
0.997628
0.999999
-0.999949
-0.829964
-0.881064
0.009007
1.000000
-0.999847
-0.999999
-0.998944
0.996115
-0.988742
-0.996471
0.966754
0.818309
-0.999991
0.999092
0.991453
0.986034
-0.999983
-0.941653
-0.929316
0.505176
-0.999565
0.999818
0.993198
-0.989429
0.998856
1.000000
0.985508
0.923999
0.746968
-0.136599
-0.993867
-0.973962
-0.976976
-0.121956
0.976861
-0.998378
0.999523
-0.966208
-0.385457
-0.243504
-0.999999
0.066908
0.052961
-0.925578
-0.991129
-0.260576
-0.999991
-0.889921
0.906586
-0.999951
0.997772
0.999999
-0.975835
0.994810
-0.999996
0.992925
-0.934610
-0.889930
-0.900102
-0.999999
-0.985502
0.987297
-0.999993
0.997171
0.940359
0.841972
-0.694936
-0.658518
-0.542785
-0.972889
0.955763
-0.972423
0.967729
0.999437
-0.998489
-0.997517
0.451894
0.984971
0.014052
0.204572
0.489848
-0.975380
-0.999982
-0.346462
0.999978
-0.601645
-0.790616
-0.975141
1.000000
-0.991527
-0.914983
-0.124158
-0.600735
-0.160650
-0.974994
-0.999328
0.931223
-0.602208
-0.999934
0.978640
-0.995623
0.993359
-0.999996
-0.978451
-0.935555
0.378654
-0.991761
-0.994644
-0.980773
0.999994
0.983402
-0.999981
0.993208
0.999449
0.998889
0.993046
0.905556
0.973265
0.815896
0.737073
0.999057
-1.000000
-1.000000
0.999491
-0.992748
-0.999693
0.999998
-0.998954
0.997128
0.817893
-0.999909
0.971684
-0.999970
-0.998497
-0.999854
0.999997
-0.978800
0.999888
-0.891827
0.984077
0.999993
-0.958497
-0.999791
0.944436
0.845530
-0.986538
0.800650
0.474716
-0.999999
0.999994
-0.982908
-0.966321
0.999999
0.999951
-0.865307
0.970027
-0.489140
0.751647
-0.835405
0.512815
-0.998918
-0.999990
-0.910969
-0.999601
0.982418
-0.999787
0.999512
0.057036
0.723322
-0.999821
0.979548
0.705738
0.972603
0.999977
-0.999997
-0.974139
0.530579
-1.000000
0.999999
0.999999
0.993958
-1.000000
-0.996185
-1.000000
-0.754640
-0.769073
0.956398
0.999086
-0.301146
0.999990
-0.999339
-0.985352
0.990712
-0.338154
-0.625819
0.992306
0.141809
0.999606
0.999992
0.999934
0.997073
1.000000
-0.999938
-0.988182
-0.728673
-0.772461
0.950370
-0.132256
-0.999945
-0.994412
0.993149
-0.872956
0.999999
-0.886679
0.999728
0.899748
0.999993
-0.999978
0.998888
-0.219107
0.971170
-0.999994
0.988363
-0.999972
0.984951
-0.570475
0.989541
-0.999182
-0.982282
0.996978
-1.000000
-0.636632
0.583177
0.916832
-0.997966
-0.999994
-0.711345
1.000000
-0.997878
0.918728
0.984199
0.983454
0.999996
0.871223
-0.963656
0.979703
0.772251
0.987853
-0.154432
-0.999587
-1.000000
-0.983516
-0.998141
0.999536
0.999858
-0.999483
0.653809
-0.997258
-0.999285
0.999989
-0.999437
-0.996661
-0.559101
0.920972
-0.586304
-0.999916
0.667084
0.985050
-1.000000
0.755902
-0.908394
0.203819
-0.996210
-0.995782
-0.939481
-0.885498
0.999987
0.999969
-0.418947
0.131292
0.908763
0.851014
-0.989275
-0.995141
0.305257
-0.996292
-0.891129
-0.974512
-0.994554
0.999772
-0.976050
0.920675
0.811999
-0.943218
-0.560860
-0.950806
-0.999751
0.983629
-0.997497
-0.434414
0.032109
-0.999850
-1.000000
-0.971883
-0.995452
-0.999999
0.995229
1.000000
0.995507
0.986060
0.965982
0.999276
-0.984589
-0.998244
-1.000000
-0.999497
-0.995673
0.031672
-0.999991
0.990059
0.597711
-0.999880
0.992765
0.982757
-0.936152
0.980761
0.979939
0.072371
-0.998580
0.999655
-0.940319
0.999760
-0.443182
0.998660
-0.999786
0.972748
0.909433
-0.882731
-0.999841
-0.968669
-0.999580
0.933195
0.919183
0.989872
0.996254
-0.801347
0.874649
-0.865852
0.636129
-0.997163
0.271017
0.974999
-0.386299
0.993633
-0.999999
-0.939330
-0.984137
-0.929263
-0.999735
-0.999878
-0.999852
0.996548
-0.999649
-0.998223
0.393369
0.999927
-0.999971
-0.999999
0.987744
0.990921
-0.999605
-0.977783
0.999849
0.679261
-0.992077
-0.834164
-0.999334
0.283623
-1.000000
-0.986564
-0.752830
0.998218
0.999165
-0.964863
0.966972
-0.999977
-0.984837
0.999999
0.999245
-0.999972
0.942587
0.918202
0.443712
0.945701
-0.972202
-0.998450
-0.995153
-0.999960
0.999527
-0.972863
0.911165
-0.999579
0.937113
-0.997593
0.996261
-0.999250
0.840279
0.998321
0.938325
-0.999962
-0.998054
-0.509641
0.999910
0.987244
-0.888715
-0.996003
0.991083
0.999677
-0.992200
-0.970263
0.998955
0.999266
0.813561
-0.996745
-0.880888
-0.589932
0.653990
-0.844470
-0.501580
-0.998546
-1.000000
0.771200
-0.848996
-1.000000
0.999249
1.000000
-0.751209
0.997683
0.999270
-0.997832
0.998910
-0.983653
-0.997387
-0.987569
-0.990374
0.998497
-0.999999
-0.971253
-0.960746
0.995969
-0.957934
-0.997636
-0.990085
-0.999672
0.997180
-0.998653
0.995963
0.954860
0.956064
0.910200
0.959462
-0.254189
0.999990
0.999842
0.842097
0.731789
-0.998739
0.997359
0.999603
0.851591
0.095812
-0.840854
0.969462
-0.998332
0.999652
-0.999026
0.999991
-0.975304
0.869293
0.996911
0.804020
-0.559783
-0.999993
0.985337
-0.999717
0.684586
-1.000000
-0.999845
0.920368
0.992810
-0.987348
-0.999982
0.800871
1.000000
-0.999660
-0.942719
0.999987
-0.617058
0.999993
-0.967934
-0.994473
-0.295987
-0.171257
0.989955
-0.999757
-0.106569
-0.999999
-0.694732
-0.976102
0.999944
0.998672
-0.999336
-0.255702
-0.999941
0.697617
0.999998
-0.999501
-0.995667
0.123830
0.044745
-0.234309
-0.999333
0.176114
0.999097
-0.999861
0.999990
0.998676
-0.980087
-0.999990
0.999739
0.991988
-0.646725
0.999974
0.999324
-0.821213
0.999928
0.772892
0.999945
0.987741
0.993687
0.990658
-0.868654
0.971981
-0.998688
-0.994793
0.924320
-0.887813
-0.895488
-0.489225
-0.073860
0.147010
0.971881
-0.999999
0.696463
-0.956405
-0.999795
-0.933295
-0.859578
-0.999998
-0.790118
-0.208065
-0.999984
0.955759
0.999981
-0.958264
0.999011
-0.978735
0.999740
-0.847877
-0.999594
-1.000000
-0.999993
-0.665374
-0.807617
-0.999797
0.999873
-0.892493
-0.924036
-0.834868
0.987347
-0.998861
-0.860614
0.931374
-0.998503
0.973936
1.000000
0.999644
-0.911600
-0.259981
0.999987
0.053910
0.999913
0.380159
-0.998400
-0.999912
-0.999851
-0.999939
-0.987580
0.568937
-0.896873
0.999988
-0.997593
-0.835141
-0.993965
0.998768
-0.760347
0.042441
0.999983
-0.568010
0.465917
-1.000000
0.997356
0.993206
0.999989
-0.999393
-0.999990
-0.959079
0.992913
-0.840931
-0.999998
0.999139
1.000000
-0.641821
-0.858168
0.999752
-0.973189
0.999998
0.931135
0.771627
0.986313
-0.786366
0.536778
-0.999977
0.032064
-1.000000
0.316052
-0.982768
0.792871
0.999999
-0.999977
-0.996436
-0.997211
-0.994923
1.000000
-0.978632
-0.999926
0.998386
0.991549
-0.804000
-0.068563
0.994071
0.988984
-0.999990
0.996011
-0.911927
0.992349
-0.905976
0.450970
0.829648
-0.171911
-0.973001
0.999994
-0.586845
-0.842335
-0.442924
0.996181
0.845580
0.996935
0.910612
0.429290
-0.382397
0.948732
0.226733
0.418714
-0.954480
-0.982333
0.512273
0.091415
0.994654
-0.999004
-0.944470
0.055367
-0.443656
-0.952419
0.991785
-0.582791
-0.999992
-0.155784
0.624346
-0.999999
0.999744
0.999998
0.020203
0.973228
-0.998999
0.953538
-0.998936
-0.997126
-0.999991
-0.995757
-0.975356
0.999648
-0.996161
0.983966
-0.781850
-0.634398
-0.961234
-0.994255
-0.128488
0.979783
0.990347
0.875121
0.412314
0.999998
-0.995003
0.995739
0.032191
0.895906
-0.998387
-0.855144
0.467726
-0.779056
-0.999978
-0.993961
0.907985
-0.690667
0.820538
0.777191
0.999997
-0.971578
0.993890
-0.958714
-0.504438
-0.999948
-0.719905
-0.929387
0.858735
-0.922287
-0.999948
-0.984850
-0.781583
0.919106
-0.999173
-0.999291
0.842159
-0.999864
0.999693
-0.998046
0.982101
0.999990
-0.999997
-1.000000
-0.845904
-0.795743
-0.999991
-0.950629
-0.986006
-0.814520
0.097852
0.652231
-0.966196
0.500324
-0.999994
-0.998151
0.920863
0.998226
0.999825
0.751410
-0.086362
-0.999998
-0.999303
0.999999
0.994210
-0.999599
0.896121
0.999945
0.981747
-0.893922
-0.732800
0.998804
-0.955259
-0.984647
0.997479
0.693218
0.851829
0.993762
-0.983843
-0.953730
0.997768
-0.997420
0.501130
-0.999921
0.999483
-0.997003
0.991312
-0.997483
-0.963722
0.856727
0.261866
0.998405
0.900813
0.773165
0.951802
-0.999711
0.999044
0.989063
-0.834132
-0.897204
0.999877
0.593843
-0.856044
-0.999863
0.999050
-0.995874
-0.999999
0.999785
-0.942228
-0.999993
0.998365
0.999994
-0.674573
0.999374
0.993654
0.993619
-0.984222
-0.507302
-0.987160
-0.999906
-0.784664
0.462749
-0.999998
-0.306962
-0.868574
-0.754182
-0.999648
0.583901
-0.456321
-0.998717
0.995138
-0.974920
0.999994
0.998228
0.810194
-0.911436
0.989548
0.029804
0.999980
0.997670
-0.453953
-0.129443
-0.997816
0.620732
-0.090085
0.558851
-0.827490
-0.960912
0.681400
-0.149684
0.999527
-0.927054
-0.932737
-0.999977
0.895944
-0.887033
-0.874268
-0.934344
-0.990103
0.998106
0.998386
0.998238
-0.999762
-0.726616
0.578426
0.998762
0.945737
-0.997323
-0.999558
0.999999
0.982596
0.999704
0.999982
-0.984249
0.972623
-0.982286
0.998196
0.998361
-0.023805
-0.993071
0.818971
-0.961424
-1.000000
-0.427088
-0.999524
-0.916638
1.000000
-0.999399
-0.999084
0.993957
-0.991991
0.999998
-0.992472
-0.967246
-0.830360
0.992077
-0.112874
-0.996758
0.846978
0.992478
0.950346
-0.692578
-0.984632
-0.772103
-0.974018
0.990335
-0.993496
0.979932
-0.999997
0.999923
-0.646045
-0.999990
0.920710
0.999951
0.998926
0.999847
-0.589278
-0.954020
-0.997466
-0.864412
-0.997348
-0.826688
-0.998250
0.454925
0.994557
-0.979604
0.966686
-0.999263
0.666963
-0.603402
-0.999819
0.359800
-0.650865
0.999232
-0.999996
-0.974797
0.999745
-0.543401
0.999992
0.999999
0.998590
-0.998828
-0.998922
0.984789
0.849201
-0.999970
-0.994139
0.998818
-0.999120
0.999991
-0.999998
-0.999983
0.999983
-0.986401
0.999769
0.950479
-0.999743
0.998177
0.999282
0.939892
0.995971
0.913412
-0.371578
-0.999870
0.565266
-0.860965
-0.991115
-0.999123
0.929793
0.891742
-0.999899
-0.999809
0.995959
-0.098524
0.939533
-0.890614
0.999048
-0.992664
-0.139547
0.953136
0.812944
-0.994783
-0.290459
-0.986036
0.998679
0.997166
-0.998943
-0.111446
0.999516
0.989054
-0.999997
-0.990494
-0.998625
0.467233
0.185980
-0.999923
-0.982084
-0.195566
-0.999835
-0.996036
-0.782709
0.978790
-0.994737
0.834147
-0.963756
-0.992093
0.877940
0.893007
0.609373
-0.929136
-0.999808
0.690521
-0.697515
-0.999981
0.985350
0.402844
-0.032710
-0.998428
-0.998870
0.997696
0.998597
-0.992717
-0.999761
0.915426
0.706141
-0.957722
-0.999909
-0.999880
0.999999
-0.999312
-0.962254
0.999307
-0.961853
-0.997600
-0.991188
-0.469210
0.525484
-0.997772
0.993694
-0.983505
0.999660
0.879728
0.990952
-0.999709
0.829668
0.281626
-0.998659
-0.214388
-0.590210
0.819190
0.999421
0.667610
0.947048
0.867052
0.998631
-0.152825
0.999897
-0.892677
-0.974584
-0.613509
0.520542
-0.848161
-0.999764
-0.994889
-0.733508
0.410897
-0.560310
0.999909
0.818248
-0.906498
-0.988035
-0.999585
-0.242549
-0.448355
-0.352103
-0.449710
-0.962681
0.999880
-0.997750
0.999604
0.202922
-0.997940
-0.994220
0.987567
-0.997482
0.768286
0.986579
-0.999169
0.999990
-0.999025
0.999108
-0.999985
-0.514475
0.023354
0.999623
-0.999035
-0.945283
-0.999724
-0.672375
0.996665
0.856780
0.913342
-0.914708
-0.976202
-0.999841
0.686544
0.918434
-0.999997
0.991216
-0.995364
0.993083
-0.999950
0.715603
0.875203
0.340649
0.428392
0.993428
0.966254
-0.999834
-0.999790
0.204767
0.979314
0.987769
-0.903738
-0.956739
0.935120
-0.999981
-0.986541
-0.644355
0.996808
0.824049
0.719996
-0.999992
-0.997876
0.971877
0.999234
0.998574
0.549012
-0.998244
-0.990986
-0.951132
-0.786882
0.867929
-0.586068
0.725897
0.010140
-0.994936
0.989029
-0.308461
0.951109
-0.795156
0.682170
0.997578
-0.999353
-0.999228
0.945522
0.999990
-0.990754
0.990068
0.999683
-0.992803
-0.927245
-0.988570
-0.572818
0.994981
0.982019
0.999997
-0.998817
0.982352
0.999828
0.999872
0.966727
-0.951510
0.999206
-0.950244
-0.999150
0.714459
0.978514
0.937608
-0.926843
-0.925030
0.996801
-0.998762
0.962485
0.287240
0.999655
0.995985
0.995750
0.980530
-0.999408
-0.997006
-0.990269
0.691041
-0.998330
-0.999906
0.994921
-0.762168
0.998401
0.163202
0.836440
0.999797
0.213517
-0.996466
-0.869406
-0.997027
0.973834
-0.996130
0.999943
-0.991553
-0.953005
0.999289
-0.386467
0.530821
0.495414
0.803976
-0.999157
0.999996
-0.982551
0.877013
0.991229
0.999933
0.850453
0.997802
-0.337819
0.995891
-0.949840
-0.820002
-0.999501
0.560231
0.995955
-0.998815
-0.999640
-0.367198
-0.070654
-0.968251
0.935484
-0.632662
-0.987168
0.562466
-0.754240
0.985187
0.928751
-0.882866
0.176685
0.860808
0.982500
0.141976
-0.965021
-0.590544
0.999866
0.996948
-0.999963
0.998473
1.000000
0.999991
0.971170
0.999962
0.982812
0.999999
-0.779442
0.999992
0.999308
0.606731
-0.994348
0.999907
0.870420
-1.000000
-0.994583
-0.935718
-0.588715
0.999450
-0.998548
0.992424
0.999295
-0.566842
1.000000
-0.997700
-0.999989
-0.584962
0.987460
0.999198
-0.719228
-0.786101
-0.984301
-0.998624
0.991273
0.409708
0.789711
-0.996775
-0.575426
0.985068
-0.792304
-0.999919
-0.937257
-0.999290
0.921920
0.853318
-0.448484
-0.994503
0.999608
0.933990
0.152041
0.998680
0.991480
0.497862
0.963753
-0.999983
-0.903985
0.902294
-0.988990
0.108001
-0.922393
-0.982330
0.995861
0.979530
0.740319
-0.925427
0.941467
-1.000000
-0.823461
-0.988195
-1.000000
0.999847
0.999999
0.863713
-0.717105
0.989613
0.999058
0.969481
-0.999981
-0.999902
1.000000
-0.992941
0.993683
-0.992282
-0.966170
0.895596
-0.953026
-0.669334
-0.999718
-0.999940
-0.971020
0.379656
0.932883
0.994331
0.999979
-0.999997
0.958890
-0.561902
-0.155026
-0.999921
0.877237
-0.380640
-0.274626
-0.997608
0.958585
0.999472
0.857459
-0.935769
0.260197
0.999999
-0.999559
0.949059
-0.626493
0.522785
-0.998674
0.970154
0.997941
-0.845903
-0.999321
-1.000000
-0.998431
-0.999971
0.905772
-1.000000
-0.917651
-0.639997
0.705478
-0.695789
-0.999998
0.998365
1.000000
-0.734309
-0.988873
0.999438
-0.743201
0.999998
0.884941
0.894253
0.991448
-0.849525
0.361567
-0.999982
-0.963369
-1.000000
0.707749
-0.793514
0.865544
0.999999
-0.999893
-0.893051
-0.997308
-0.422892
1.000000
-0.987252
-0.999817
0.998542
0.997040
-0.772606
-0.958157
0.999484
0.992786
-0.999995
0.997528
-0.953584
0.977404
-0.998122
-0.309649
0.162087
-0.831101
-0.886476
0.999993
0.174063
-0.944524
-0.804097
0.995840
0.745391
0.996379
0.946683
0.175598
-0.069307
0.963143
-0.405169
0.881162
-0.966259
-0.994221
0.943092
-0.630504
0.999097
-0.998376
-0.812096
0.471150
-0.770775
-0.978217
0.952354
-0.790338
-0.999988
0.984575
-0.673795
-0.999980
0.995089
1.000000
-0.750951
0.995007
-0.998959
0.789020
-0.996359
-0.791064
-0.999958
-0.996335
-0.987509
0.996134
-0.998740
0.988243
0.837628
-0.965943
-0.995104
-0.999203
-0.251085
0.952073
0.992973
0.975269
0.966161
0.999974
-0.989011
0.977416
0.838371
-0.435473
-0.997562
0.127999
-0.782409
-0.563472
-0.999848
-0.987322
0.953448
-0.995239
0.799176
0.268018
0.999978
0.049557
0.996534
-0.898856
-0.688175
-0.999376
-0.514708
-0.998470
-0.181300
-0.995425
-0.999916
-0.987317
-0.951647
0.986620
-0.999972
-0.997296
0.758447
-0.990780
0.999953
-1.000000
-0.949774
1.000000
0.999056
-0.996666
0.999310
-0.957672
-0.932263
-0.991734
0.999995
0.816132
-0.989903
-0.993802
0.999817
-0.509933
-1.000000
-0.999952
-0.995341
-0.517363
1.000000
-0.900195
-0.524055
0.999894
-0.880561
0.998581
-0.990365
-0.700006
0.953910
0.999930
0.706519
-0.998368
0.227224
-0.983248
-0.999262
0.998899
0.999610
0.751174
-0.999984
0.933957
-0.703708
0.666540
-0.996139
-0.998435
-0.999993
-0.996380
-0.983892
0.674681
0.914676
-0.997616
0.551797
-0.689158
0.997233
0.999991
-0.982475
0.899560
-0.990677
-0.141035
1.000000
-0.994627
0.882273
-0.999951
-0.999925
0.991537
-0.996811
-0.998376
-0.995267
0.736207
-1.000000
-0.978845
0.799793
-0.999999
0.999798
0.999999
0.983739
0.997867
0.999981
-0.660701
0.969806
-0.999999
-0.965078
0.997950
-0.997949
0.997374
-0.999473
-0.999965
0.868851
-0.997691
-0.966826
-0.995388
-0.998912
-0.989317
0.999880
0.999984
0.994311
0.999684
-0.943275
-0.999938
0.780134
-0.393716
-0.999999
0.992309
0.270318
-0.576234
0.945554
0.999989
0.998362
0.989154
-0.981389
-0.999394
0.999992
-0.462541
-0.990702
-0.707193
-0.193526
0.670413
-0.623599
0.999813
-0.999751
-0.897759
-0.999945
-0.960406
0.728897
0.856259
-1.000000
-0.999884
-0.973609
0.895788
-0.996292
-0.993788
-0.996938
1.000000
0.999655
0.984587
0.997960
0.981580
0.999991
0.986824
-0.936637
-0.713199
0.239503
-0.997912
-0.291494
0.529667
-0.999999
-0.996228
-0.944975
0.995479
0.999506
-0.999961
0.997369
-0.999595
-0.528374
0.999988
-0.999581
-0.999936
0.929840
0.998543
-0.148596
-0.999952
0.986723
0.999648
-0.996545
0.999991
-0.939412
-0.893377
-0.997799
0.706981
-0.997268
0.965761
0.361747
0.999998
-0.379474
-0.941633
-0.958067
0.994683
-0.432018
0.997878
-0.818655
-0.964101
-0.994626
0.327635
0.572382
-0.996224
-0.997207
-0.999985
0.124176
-0.998449
0.999571
0.997958
-0.995282
0.970958
-0.991853
0.995738
-0.874602
0.959987
-0.999999
0.998081
-0.999992
-0.999997
0.998486
0.999999
0.606972
0.917205
0.997960
0.993220
-0.942660
0.472634
-0.993305
-0.952324
-0.092714
0.360545
-0.999865
-0.449749
0.965478
-0.969023
0.994876
-0.999495
-0.825033
-0.921001
0.989894
0.476564
0.931727
0.986209
-0.782395
0.997364
-0.825405
-0.813876
0.001100
0.998424
-0.962820
0.987705
-0.999705
-0.999992
-0.999995
0.300769
0.988594
-0.666437
0.926433
-0.599638
0.998890
-0.995961
-0.928770
-0.540243
-0.991150
0.999899
0.966834
-0.164753
-0.993905
0.986040
0.993329
0.992207
-0.999995
-0.991531
-0.998120
0.999959
0.159361
-0.999906
-0.943060
1.000000
0.981640
0.995321
0.995155
-0.924727
0.999999
0.878131
0.466779
0.890451
-0.481439
-0.962850
-0.996204
-0.997095
-1.000000
-0.509437
-0.999983
-0.427394
0.999790
-0.934795
-0.989342
-0.991896
-0.963998
0.999998
-0.932076
-0.989560
0.994579
-0.934847
0.999591
-0.810172
-0.863717
0.955655
-0.989309
0.994091
-0.695359
0.531189
0.717588
0.996147
0.083527
-0.996822
0.187049
0.999958
-0.154237
0.798441
-0.999930
-0.969361
-0.760206
0.999962
0.434803
-0.619399
-0.992802
0.832601
-0.957331
0.853542
-0.990982
-0.957129
0.168023
0.719830
0.414007
-0.999584
-0.258898
0.911338
-0.414242
-0.840588
-0.954295
0.538879
-1.000000
-0.990463
-0.123687
-0.999996
0.998454
0.999999
0.996728
0.997644
-0.994445
0.998803
-0.874332
-0.999569
-1.000000
-0.952897
-0.978155
0.984237
-0.999928
0.633623
0.956649
-0.936858
-0.380319
-0.967755
-0.999924
0.999361
0.987905
0.981425
0.999959
1.000000
0.715462
0.999327
-0.985503
-0.253902
-0.997909
-0.085121
-0.791909
-0.960234
-0.999979
-0.978038
-0.999256
-0.989852
0.643519
0.692773
0.999998
-0.992353
0.671612
-0.929978
0.996571
-0.999894
-0.674309
0.899251
0.332781
-0.465622
-0.999537
-0.927363
0.937951
0.149772
-0.997991
-0.999307
-0.128814
-0.941184
-0.097863
-0.999992
-0.989371
1.000000
-0.999312
0.836552
0.999698
-0.634403
0.999999
0.988228
-0.998992
-0.999839
-0.637810
-0.984675
-0.977610
0.477839
-1.000000
0.301447
-0.993744
0.998747
0.999997
-0.991183
-0.962826
-0.995521
-0.767000
0.998416
-0.997433
-0.999871
-0.400301
0.996598
-0.876943
-0.999669
0.998727
0.947150
-0.999784
0.981578
-0.252386
-0.923148
-0.997025
0.430832
-0.519492
0.986914
0.965763
0.999991
-0.590401
0.613961
-0.972958
1.000000
-0.807044
-0.832262
0.763991
-0.997277
-0.685107
-0.994974
-0.999994
-0.824516
0.994525
0.683019
0.999539
-0.968944
0.999068
0.497083
-0.999550
0.949533
-0.477296
-0.990849
-0.995754
0.137645
-1.000000
0.283267
-0.999873
-0.999864
0.994002
1.000000
0.998151
-0.999756
-0.999622
-0.694228
-0.978829
-0.991386
-0.999985
-0.999387
-0.516449
0.999772
-0.999171
0.991179
0.968380
-0.866158
0.936096
0.998531
-0.999838
0.999056
0.999498
-0.734011
0.170051
0.999950
0.050198
-0.998279
-0.570069
0.902061
0.928228
0.969955
-0.844823
0.258733
-0.741631
-0.996754
-0.767469
-0.928810
0.713906
-0.889455
0.999984
0.101424
0.985855
-0.956310
0.583736
-0.885302
-0.768785
0.793129
0.156891
-0.996407
-0.998755
0.645520
0.554808
0.840687
-0.999999
-1.000000
-0.991494
0.977197
0.956135
-0.998352
-0.980496
0.999726
-0.999256
0.975509
0.980549
-0.938224
0.985776
0.999949
-0.478662
-0.307100
0.992965
0.999998
0.995188
-0.999509
-0.999999
0.887145
-0.844079
-0.999997
0.999276
-0.999999
-0.980833
0.996994
-0.984644
0.771968
0.998552
-0.999999
0.698760
0.999835
-0.999974
0.995304
-0.999588
0.657658
0.998412
-0.846821
0.718770
0.953639
0.999852
-0.829210
-0.998965
-0.999357
-0.999944
0.999983
-0.788788
0.992598
0.914226
0.926620
-0.730095
0.941687
-0.942022
-0.193153
-0.716055
-0.943048
-0.998364
-0.999953
0.998437
-0.999840
-0.993209
0.224297
0.985872
-0.620524
0.891086
0.986859
-0.991371
0.782206
0.948409
-0.990721
-0.999994
0.985608
-0.999517
0.545523
-0.996718
0.999996
0.953894
-0.776049
-0.999350
0.802509
-0.798046
0.999912
0.970001
-0.984071
-0.441635
0.999888
-0.999358
0.952645
-0.998528
0.995984
0.969669
0.999445
0.916308
-0.499277
0.999995
0.969877
0.999873
-0.308360
0.990804
-0.212251
-0.998148
0.989854
-0.928894
-0.996287
0.994016
0.964604
0.997886
-0.893693
-0.815285
-0.984418
0.998832
0.973574
0.999992
-0.999800
-0.997529
0.998030
-0.995324
0.989243
0.080178
-0.997517
-0.424894
-0.886269
0.987677
-0.801245
0.708264
0.999582
-0.996800
-0.999915
-0.912327
0.970109
-0.981579
-1.000000
0.986561
0.999971
-0.999945
-0.999819
-0.968630
-0.986309
0.999441
0.999905
0.767201
-0.992757
0.816141
0.541035
0.439199
-0.999829
-0.999998
-0.984228
-0.709246
-0.945543
0.999872
-0.999984
-0.978842
-0.999959
0.953471
0.999999
0.999788
-0.999994
-0.301875
0.999906
0.082644
1.000000
-0.952519
0.846397
-0.749024
-0.998425
-0.258264
-0.790731
0.971467
0.210729
-0.999474
-0.954794
-0.998855
0.800522
0.863999
-0.831080
0.999844
0.263428
0.999544
0.642831
-0.999978
0.974563
0.091847
0.939902
0.999978
-0.649578
0.978479
-0.999994
-0.999928
-0.789616
-0.957328
1.000000
-0.999833
0.980637
-0.986118
0.838156
0.171110
0.162191
-0.999993
-0.710468
0.999548
-1.000000
-0.115759
0.999994
0.999966
0.997692
-0.973156
0.508228
-0.905723
-0.997282
0.731557
-0.997883
0.999087
-0.456217
-1.000000
-0.999180
-0.976876
0.995708
0.999970
0.860861
-0.979775
-0.993566
0.999995
0.892712
0.997006
0.999648
0.626811
0.660448
-0.999999
0.970612
-0.985916
-0.997976
0.993662
0.805820
-0.998557
-0.903414
0.783556
0.308485
0.988088
0.752591
0.999932
-0.879605
0.726458
-0.966226
0.590332
-0.998874
-0.717620
0.999204
0.998322
0.466265
0.949436
-0.998368
0.430736
0.999744
-0.998715
-0.999996
0.601464
-0.090104
-0.820150
-0.999615
-0.935308
1.000000
-0.995550
-0.801575
0.916823
0.911206
0.998271
0.957131
-0.999745
0.009556
-0.905963
-0.997051
-0.868143
-0.999123
-0.999999
0.136430
-0.915725
0.999381
0.999194
-0.998853
-0.558479
-0.988206
0.894595
0.774291
-0.999581
-0.999795
-0.902138
0.842811
-0.940380
-0.999571
0.936446
0.989653
-0.999916
-0.967674
-0.751309
-0.979274
-0.988960
-0.993052
-0.949115
-0.998248
0.999987
0.997303
0.193872
0.957894
0.953379
0.998832
-0.997075
-0.998067
-0.955394
-0.957394
-0.971201
-0.999682
-0.998671
0.989110
0.841328
0.917686
0.993246
0.972489
0.993806
0.991535
-0.999481
-0.396641
-0.989860
0.964510
-0.996677
-0.983724
-0.999999
0.957972
-1.000000
-0.990538
-0.981810
0.999999
0.938197
-0.930071
-0.998846
-0.959030
-0.999871
-0.460927
-0.999601
-0.999449
-0.998417
0.684910
-0.999997
0.996519
0.910213
-0.999598
-0.989505
0.973025
-0.999842
0.981158
0.990021
0.967434
-0.876870
0.999758
0.914286
-0.982787
-0.992175
0.997933
0.998914
0.786716
0.809533
-0.357227
-0.997633
0.971888
-0.993663
0.815965
0.928141
-0.996919
0.999963
-0.894404
0.657259
0.964573
0.995390
0.013576
-0.769838
-0.974223
0.206815
-0.977513
-0.999998
-0.888728
-0.945040
-0.989037
-0.990018
-0.995000
-0.938405
0.279447
-0.939853
-0.993115
0.945032
0.999977
-0.999998
-0.996620
-0.987167
-0.894040
-0.997814
-0.950078
-0.999463
-0.998692
-0.923426
-0.998556
-0.990706
-0.968981
-0.999999
0.998122
0.953817
0.999675
0.999979
-0.996634
-0.384320
-0.999968
-0.994325
0.999916
0.994557
-0.999972
-0.012242
0.999728
-0.958238
-0.999719
-0.993246
0.998314
-0.999883
-0.985653
0.504932
-0.229049
-0.490675
0.851800
-0.873888
0.999699
0.995855
-0.976690
-0.618639
-0.976945
0.999906
-0.535438
-0.819634
-0.998363
0.699506
-0.775189
0.922520
-0.645111
-0.224738
0.117177
0.977080
-0.999999
0.952980
0.997624
0.850200
-0.498513
0.982949
0.978268
0.288678
-0.999963
-0.983142
-0.961089
-0.999966
0.993753
0.698650
-0.999764
0.997628
0.999997
0.999582
0.855123
0.930247
-0.977473
-0.879383
-0.999873
-0.958384
-0.999906
0.946240
0.995180
-0.999986
-0.995945
0.844417
0.447558
-0.944453
-0.766584
0.280915
0.806042
0.781487
0.827261
-0.901010
0.999687
0.999153
0.320311
0.994470
0.977578
0.999817
0.745974
0.280146
-0.966242
-0.994285
0.910640
0.688692
0.482489
0.888293
0.032788
0.999738
0.969078
0.995162
0.310219
-0.940366
-0.971964
0.990401
0.934920
-0.655070
0.225385
-0.988917
-0.874587
-0.998312
0.999684
-0.999920
-0.998542
-0.946516
-0.212699
0.935519
0.391762
-0.999755
1.000000
0.999032
0.995035
-0.966488
0.999901
0.734005
0.922225
0.996438
0.961873
0.929237
-0.362172
0.999874
-0.965012
-0.999999
-0.474131
0.854264
-0.997871
0.999984
-0.999290
0.653638
0.999411
-0.954623
-0.999507
-0.927517
0.999602
-0.997737
1.000000
0.675591
0.260589
-0.999980
-0.941918
1.000000
-0.956808
-0.981316
0.998863
0.353829
0.875307
0.798291
0.986855
-0.999982
0.999984
0.377387
-0.986083
-0.293426
0.837899
-0.307304
0.918890
-0.764175
0.944043
-0.041073
0.976047
-0.999982
-0.999607
-0.256473
-0.999909
0.999999
-0.999953
0.983953
0.994704
0.999915
-0.985248
-0.964539
0.997313
-0.993310
0.999942
-1.000000
0.968246
-0.786976
-1.000000
0.995881
1.000000
0.996076
-1.000000
-0.696695
-0.998841
-0.896198
-0.999754
0.999815
0.999737
-0.999214
0.999703
-0.999995
0.184131
1.000000
-0.872735
0.999913
0.265210
-0.999988
0.999730
0.999632
0.997180
0.999171
0.987627
-0.995942
-0.643631
-0.876833
-0.618065
-0.687738
-0.989403
-0.999144
-0.999219
0.999066
-0.226945
0.997196
-0.619362
-0.510986
-0.405486
0.999951
0.710772
0.998283
-0.602249
-0.994524
-0.999998
0.518120
-0.994587
-0.973726
-0.031042
-0.309505
-0.999457
-0.999987
0.991198
-1.000000
0.999354
-0.953475
0.998586
0.999553
-0.998992
-0.999403
0.999607
-0.994909
0.976013
-0.998914
0.984039
-0.999932
0.962476
-0.999990
-0.999930
-0.220934
-0.958379
0.915341
0.483920
-0.999929
-0.904374
0.993681
-0.382275
0.999838
-0.997741
-0.900966
-0.998177
-0.935023
-0.999975
0.999906
0.911726
-0.419839
0.999743
-0.958522
-0.997084
-0.530536
-0.920055
0.999907
-1.000000
-0.999971
-0.945297
-0.991360
0.471312
-0.999745
-0.588957
0.999949
-0.999989
0.930332
0.937431
0.737359
-0.968076
0.999416
-0.999983
0.999445
0.221399
0.159963
0.997043
-0.999313
-0.812007
0.997982
-0.999996
-0.309036
0.999969
0.989712
0.983208
0.999987
0.998438
0.845360
-0.986714
-0.998349
-0.144960
-1.000000
0.999793
-0.991089
-0.973421
-0.999882
0.999996
0.999140
-0.794900
-0.997057
-0.985376
-0.999883
-0.638294
-0.142288
-0.997653
0.789294
0.989762
-0.999772
0.926645
0.999873
-0.282024
-0.991269
-0.065356
-0.998301
0.985993
0.999247
-0.941814
0.999997
0.446424
0.999999
-0.995786
0.880685
-0.966950
0.999845
-0.878432
-0.725780
0.261758
0.999570
0.999202
0.888077
-0.611620
-0.500042
-0.851169
0.981491
0.999944
0.999952
-0.936154
-0.999712
-0.999949
-0.565361
-0.990873
-0.995799
-0.997139
0.822568
0.805395
0.980847
0.959033
-0.999539
-0.996304
-0.994418
-0.933950
-0.649190
-0.995455
-0.999590
1.000000
-0.911202
0.980247
0.989853
-0.909630
0.989642
0.994369
-0.999894
0.680265
0.941994
-0.974763
-0.758497
-0.979557
-0.999963
-0.935587
0.133496
0.994905
0.999761
-0.999764
-0.997630
-0.999788
0.998506
0.999102
-0.620605
-0.953920
-0.817977
0.904525
-0.224702
-0.997593
0.555705
-0.035296
-0.996440
0.105526
-0.708245
-0.833815
-0.982275
-0.859573
0.959891
-0.777174
0.999983
0.794860
-0.992629
0.938362
0.944287
0.997917
-0.989113
-0.999892
-0.156014
-0.974097
-0.594339
-0.961576
-0.979795
-0.986378
0.775410
-0.378905
0.985248
0.730166
0.987444
0.957128
-0.901698
-0.894108
-0.878390
0.772609
-0.994428
0.726908
-0.999990
0.838806
-0.986442
-0.987380
-0.802368
0.999990
0.964411
-0.720069
-0.817237
-0.807916
-0.999844
-0.995517
-0.999991
-0.999794
-0.996498
0.997059
-0.999999
0.907787
0.645507
-0.997015
0.523827
0.987859
-0.993000
0.999279
-0.662805
-0.392700
0.981222
0.977749
-0.666010
-0.995715
-0.979106
0.998608
0.993210
0.994393
-0.052057
0.778839
-0.984550
0.400309
-0.974824
0.727480
0.979479
-0.998244
0.999680
-0.960744
-0.382311
-0.975143
0.792461
-0.488073
-0.851318
0.803364
0.274268
-0.737580
-0.999995
-0.152133
0.872640
0.981310
-0.986689
-0.933028
-0.778094
-0.563244
0.104313
-0.964274
-0.998822
0.999967
0.978458
0.999723
-0.964127
-0.205287
0.996117
0.882551
-0.539043
0.961103
-0.008725
-0.873334
-0.225839
0.797681
-0.999889
-0.830956
-0.999011
-0.888435
0.984106
-0.987660
-0.999950
-0.442379
0.062458
0.999829
0.956832
-0.999981
-0.410818
0.711622
0.806115
0.039804
0.989020
-0.993478
0.991945
-0.657205
-0.051800
-0.850398
-0.764227
0.921498
-0.488950
0.560579
-0.969244
0.694292
-0.117683
0.968407
-0.420316
-0.572051
-0.959632
0.989484
0.121705
-0.993382
-0.999514
0.889329
-0.946282
0.669472
-0.754455
0.005961
0.998878
-0.785965
0.935524
0.084817
0.688396
0.903360
0.958695
-0.998048
-0.996242
0.732765
-0.999816
-0.339181
0.930013
-0.924205
0.565637
0.999964
0.403308
0.723502
-0.524692
0.660034
0.161829
-0.999951
-0.994650
0.657360
-0.586937
0.826361
-0.999763
-0.971994
0.994430
0.785768
0.995054
0.657799
-0.892765
0.817569
0.860600
-0.870456
0.854446
0.995986
0.852813
-0.902658
-0.990991
0.544179
-0.708235
-0.994624
0.549766
0.834595
-0.999439
-0.711023
-0.897327
-0.996955
0.959422
0.759768
0.998344
0.827684
-0.917713
-0.980488
-0.538167
0.645306
-0.800482
-0.606205
-0.984743
0.215004
0.641951
0.711638
0.992132
0.998524
-0.994143
-0.999220
-0.980686
-0.584866
-0.999565
-0.991913
-0.998879
0.999999
0.993600
0.227708
0.945902
0.996872
0.999957
0.990070
-0.996463
-0.987258
-0.568937
-0.991627
-0.859318
0.229293
-0.999999
-0.985013
0.326562
0.998567
0.991770
-0.842276
0.998873
-0.999807
-0.974236
0.998838
-0.998024
-0.974246
0.141317
0.999711
-0.498777
-0.988869
0.571552
0.999976
-0.968565
0.999995
-0.869741
0.934899
-0.993346
-0.744573
-0.991230
0.691169
0.923548
0.999999
0.977543
-0.993654
-0.866448
0.969293
0.404729
0.997567
-0.590963
0.888537
-0.939716
-0.218726
-0.201540
-0.979765
-0.995556
-0.999958
-0.603205
-0.998737
0.999565
0.999806
-0.998119
0.542807
-0.990938
0.999958
-0.907220
0.978861
-0.999997
0.988771
-0.999822
-1.000000
0.851311
0.999998
0.958283
0.985688
0.999715
0.952318
-0.263447
-0.432578
0.081165
-0.991736
-0.960338
0.976496
-0.999580
0.564997
0.998785
-0.103324
0.997127
-0.999102
-0.993549
-0.970207
0.852763
0.813758
0.973714
0.997002
-0.887716
0.999648
0.102458
-0.356115
0.925876
0.999916
-0.889335
-0.578462
0.857867
-0.999995
-0.999950
0.850244
-0.738098
-0.837372
0.720369
0.076746
0.999849
-0.990270
-0.947891
-0.996381
-0.989718
0.998807
0.999284
0.918571
-0.999016
0.989236
0.949902
0.966613
-0.999999
-0.987336
-0.985694
-0.570687
0.996164
-0.999408
-0.999772
0.998032
0.999993
0.999968
0.821236
0.975843
0.965972
0.377818
0.999971
0.997648
-0.714639
-0.870459
0.983433
-0.980619
-0.999896
-0.756950
-0.082996
-0.975510
0.997342
-0.999989
-0.913412
0.999999
0.999756
0.975649
0.996909
-0.986548
0.894047
0.964390
0.998329
-0.243876
0.688545
-0.999973
0.997923
-0.981165
0.850273
-0.975976
0.971643
0.998871
-0.825876
-0.244606
-0.999998
-0.996454
-0.791930
0.897409
-0.959140
-0.991986
-0.997703
0.999865
-0.997608
-0.686133
-0.895338
0.997846
-0.999686
0.969275
-0.150891
-0.987722
-0.926102
-0.447620
0.991825
0.277973
0.898349
0.999968
-0.999887
-0.463051
0.894608
-0.997635
-0.999908
0.999836
-0.998791
-0.783986
-0.999885
0.999994
0.817294
-0.915672
0.387777
0.945052
-0.935845
-0.975863
0.999831
0.999997
0.946222
0.996515
-0.998654
-0.999481
0.779190
0.032351
0.999928
-0.995559
-0.996127
0.918195
0.998367
-0.952016
0.940432
-0.976925
-0.853174
-0.990301
-0.410262
0.962777
-0.999986
-0.997777
0.998822
0.999999
0.855487
-0.991617
-0.999725
-0.972645
0.587012
0.396477
0.828010
0.988099
-0.996090
-0.338616
-0.999922
0.983999
-0.999940
0.891441
-0.999905
-0.999676
-0.970766
-0.998066
0.995147
0.996012
-0.913332
-0.994173
-0.821674
0.943527
0.999232
-0.997445
-0.999295
0.995573
-0.974259
-0.999957
0.887432
0.999967
-0.690702
-0.999793
-0.023117
-0.828354
-0.084160
-0.869516
0.758090
-0.999986
-1.000000
-0.993907
-0.935245
-0.998886
1.000000
-0.999992
0.131117
0.938844
-0.999972
0.999366
0.562547
-0.986166
0.989125
0.831370
-0.245270
-0.792352
-0.297316
-0.959617
0.999497
-0.997730
0.990349
-0.913321
0.991058
-0.871667
-0.923847
-0.843062
-0.999104
0.645806
0.997136
-0.295433
0.988347
0.548443
0.994831
0.965329
-0.997632
-0.837621
-0.999852
-0.996841
-0.932147
-0.990210
0.983518
-1.000000
0.669120
-0.314888
0.995454
-0.954685
-0.844100
0.972540
-0.328792
0.592011
0.999981
-0.999973
-1.000000
0.229767
-0.790816
-0.999997
-0.993255
1.000000
-0.896571
-0.864005
-0.999917
0.893228
-0.999965
0.939580
-0.835652
-0.999913
0.823196
0.951544
-0.993121
0.982362
-0.999193
-0.974572
-0.974051
-0.066701
-0.999484
-0.936218
0.977188
-0.772193
1.000000
-0.989216
-0.390442
-0.999976
-0.991474
0.922948
0.998658
0.762942
-0.099918
0.085963
-0.999164
-0.906790
0.878271
0.306999
0.207472
-0.999950
-0.695329
-0.999389
0.651430
-0.927951
0.987013
-1.000000
0.565140
-0.999713
0.998333
-0.999887
-0.987696
-0.013045
0.954889
0.997440
-0.998254
-0.999979
-0.979787
0.694195
0.987538
-0.997064
-0.999908
1.000000
0.999076
-0.918293
-0.926511
0.961252
-0.026888
-0.832426
0.999846
0.999896
-0.990453
-0.996295
0.990975
-0.918474
-0.999998
0.505488
0.976667
0.700681
0.999999
-0.999869
-0.996585
-0.647158
0.006497
-0.996007
-0.993565
0.917594
-0.949978
0.999999
-0.964959
-0.607095
-0.972913
0.998956
0.999999
-0.976084
0.312189
-0.107559
-0.975044
0.993698
-0.999977
-0.754678
0.860750
-0.998859
0.255956
-0.369714
0.713303
-0.128584
-0.376235
0.999537
-0.957243
0.999557
0.416594
-0.983651
-0.999356
-0.999966
-0.981986
-0.999025
0.999992
-0.428641
0.999891
0.938752
0.944371
0.998870
-0.577701
0.998843
0.985258
0.997266
-1.000000
-0.782558
0.995920
-0.999935
0.976283
0.999998
0.929947
-0.999901
0.901897
0.829306
-0.880462
-0.999984
0.185336
0.996982
-0.998178
0.998141
-0.999994
-0.999598
0.999897
0.988379
0.935772
-0.643857
-0.999947
-0.345972
0.999825
0.993774
0.999994
-0.182016
-0.998422
-0.999685
-0.999630
-0.103757
-0.978265
0.999981
0.996563
-0.994519
0.998128
0.158251
0.956132
-0.932772
0.983070
0.727604
1.000000
0.975792
-0.992551
0.656713
-0.996971
-0.999344
-0.965063
0.572206
0.943029
-0.915749
-0.988753
-0.983595
-0.021843
0.965255
-0.999999
0.990746
-0.866051
-0.479976
0.996551
-0.991853
-0.998457
0.999995
0.485191
0.995168
0.326563
-0.893417
-0.003052
-0.950574
0.836714
-0.995899
-0.763030
-0.863593
0.998611
-0.936043
-1.000000
-0.969112
-0.998795
-0.994390
0.999981
-0.998142
-0.969608
0.942283
-0.851608
0.999993
0.975330
-0.999980
0.977036
0.993015
-0.204977
-0.999968
0.198660
-0.815909
0.975978
-0.943739
0.951791
-0.928342
-0.994577
0.999162
-0.999336
0.996765
-0.999876
0.812203
-0.997219
-0.999370
-0.999838
0.982149
0.878355
0.978913
0.932810
-0.999504
-0.964602
0.986141
-0.990404
0.887189
-0.955889
-0.981919
0.994281
-0.896450
0.977462
-0.999991
0.971468
0.999277
-0.985907
-0.999621
-0.995210
-0.983274
-0.999994
0.945216
-0.928784
-0.978395
0.844561
0.999997
0.811693
-0.967005
-0.147553
0.995799
0.997773
-0.994997
-0.999742
0.996757
-0.756624
0.999584
-0.999971
0.097548
0.957246
-0.744695
0.744835
0.095014
-0.975530
0.942255
0.906275
-0.868829
0.968454
0.345686
0.992065
-0.964569
0.975221
-0.999021
-0.975768
-0.999865
0.937100
0.169278
-0.999879
-0.661945
0.601044
0.624288
-0.992493
0.269775
0.997098
-0.920021
0.909803
-0.911766
0.077395
-0.672381
-0.885516
-0.941905
-0.911708
-0.514575
-0.055642
0.922053
0.365482
0.991096
-0.999998
-0.999945
-0.992991
0.552676
0.997919
0.999453
-0.999997
0.999993
0.997283
0.999248
-0.998355
0.911427
0.998172
-0.999945
-0.914228
0.999997
-0.992268
-0.607998
0.997021
-0.545235
-0.999999
-0.995770
-0.955538
-0.999035
0.999907
-0.999812
0.020929
0.999877
-0.987683
0.975664
0.609002
-0.875615
-0.125442
-0.968278
0.996876
-0.999532
-0.848661
-0.036483
0.999922
-0.985195
0.073404
-0.758884
-0.657012
0.190651
-0.997349
0.783021
-0.999575
0.715022
-0.028816
-0.990696
0.999920
-0.993933
-0.997463
0.950246
0.784534
0.032879
-0.990691
-0.999535
-0.983757
0.418910
-0.994976
-0.999506
0.806568
-0.405061
-0.469762
0.590970
0.999758
0.999962
-0.998931
-0.665328
-0.992119
0.743009
-1.000000
0.828853
0.883308
0.725285
-0.897375
1.000000
0.992598
-0.999929
0.843450
0.899217
0.301533
-0.998620
-0.996059
0.713472
0.110424
0.999987
-0.999990
0.910347
0.919335
-0.711573
0.993107
0.994215
-0.998356
0.996255
-0.980827
0.310727
0.999038
0.556334
0.965844
-0.436574
-0.784399
0.983299
0.999981
-0.983748
0.627943
-0.950140
-0.998942
0.884911
-0.681690
0.955728
0.999875
-0.898531
0.543703
-0.988687
-0.688083
0.450208
0.866104
-0.921665
-0.933526
-0.999817
-0.895020
0.993127
-0.927014
0.978286
-0.685468
0.985114
-0.999886
-0.959778
-0.877256
-0.572249
-0.977101
0.170088
0.964313
0.999942
-0.999995
-0.999998
-0.791591
0.966190
-0.998096
-0.555024
-0.996298
-0.966161
0.837425
-0.975664
-0.999933
0.508257
-0.999994
0.987349
0.951139
0.999759
0.999945
0.947160
-0.734561
-0.999999
-0.973737
0.999981
0.994693
-0.999855
0.986750
0.997483
0.965012
-0.971649
0.415804
0.959038
-0.999418
-0.975045
-0.858691
0.966492
0.969940
0.605930
0.110638
-0.939568
0.999931
-0.990063
-0.854967
-0.943163
0.904465
-0.903795
-0.963683
-0.999975
0.991601
-0.540246
-0.603009
-0.999653
-0.989731
-0.879668
0.989649
-0.999926
0.999970
0.992053
-0.930037
-0.551333
0.999962
0.868888
-0.442713
-0.999826
0.582609
-0.751994
-0.999994
0.991204
-0.865664
-0.999997
0.999421
0.999996
-0.853370
0.993842
0.842201
-0.674804
-0.986010
-0.212721
-0.763935
-0.999976
-0.449010
0.964102
-0.999991
-0.866613
-0.702008
0.994350
-0.999121
-0.966484
-0.126252
0.888463
0.999965
-0.996834
0.929636
0.999599
0.974130
-0.762726
0.984632
-0.912395
1.000000
0.999747
-0.769443
0.490259
-0.998716
0.933077
0.979532
0.181423
-0.890878
-0.723658
0.962638
-0.381841
0.998930
-0.062034
-0.976066
-0.999215
-0.673918
0.325302
-0.985528
-0.981706
-0.978756
0.348648
0.733344
0.988700
-0.999390
-0.937075
-0.851695
0.656166
0.547817
-0.999437
-0.672034
0.999208
-0.840127
0.728447
0.681193
0.943744
0.997081
-0.957213
0.804929
-0.999777
0.968448
-0.624849
0.488305
-0.712411
-0.999999
0.590935
-0.998976
-0.920101
0.999084
-0.996815
0.719324
0.943109
-0.895962
1.000000
-0.730457
-0.999998
0.897881
0.996418
-0.811032
-0.999980
0.029277
-0.583023
-0.764719
0.659239
-0.282125
0.414675
-0.860108
-0.083307
-0.997089
0.975151
-0.998560
0.999491
-0.443497
-0.768622
-0.967700
0.999970
0.818777
0.997823
-0.961956
-0.910295
-0.712926
0.898904
-0.999757
0.800947
0.394022
0.959911
-0.767741
-0.949547
0.626814
-0.462989
-0.938542
0.983856
-0.845088
-0.948323
-0.505675
-0.812647
-0.999974
-0.785556
-0.830511
-0.999599
0.995719
0.999993
0.990678
-0.983827
-0.993171
0.528207
0.999887
-0.514559
-0.999731
0.828838
-0.407902
0.984171
-0.874341
0.486114
-0.510121
-0.370741
-0.004716
0.572322
-0.938448
0.555948
0.998849
-0.844526
-0.326960
0.677831
0.958827
-0.997975
0.986767
-0.971042
-0.830888
-0.974351
-0.606875
0.873568
-0.999981
-0.785978
0.285060
0.013884
-0.949143
0.996719
0.985865
-0.988186
0.782860
-0.438657
0.982185
0.261344
-0.807145
-0.840127
0.544828
-0.732015
0.223464
0.936916
-0.534832
0.355928
-0.999987
-1.000000
-0.996939
-0.996606
-0.308323
-0.999561
-0.495837
0.999999
0.982287
0.986949
0.999985
-0.693509
0.993931
0.318151
0.999974
0.113000
0.885567
-0.995965
-0.713495
0.904858
-1.000000
-0.999608
-0.997170
0.745123
0.999987
-0.919515
-0.999973
0.488290
-0.915707
0.999816
0.932201
-0.998904
0.230243
0.999204
0.999610
-0.848916
0.743867
-0.996125
0.880964
-0.871519
0.987152
-0.638941
0.502699
0.991327
-0.013690
-0.846031
-0.999511
0.999463
-0.987329
-0.999358
-0.999879
0.970957
0.785642
0.892224
0.917305
-0.994619
-0.140388
0.999554
-0.446260
0.978587
-0.999852
-0.860797
0.999818
-0.847689
-0.933046
-0.999753
0.999777
0.999293
-0.999532
-0.699845
-0.997877
0.903193
-1.000000
0.999822
-0.829706
-0.999828
0.163380
1.000000
-0.677029
-0.995866
0.235834
0.915532
0.355867
-0.999986
-0.763055
0.832711
-0.903047
0.999573
-0.999986
-0.967912
0.874862
0.103260
0.987828
0.364925
-0.999530
0.986508
0.931668
-0.423948
0.980702
0.999797
-0.978478
0.164218
0.836630
-0.995480
-0.998426
-0.999337
-0.615474
0.558849
-0.999916
-0.752047
0.941243
0.789212
-0.999980
0.238040
0.999972
-0.998936
-0.741407
-0.983568
-0.323487
-0.998161
0.415970
-0.812758
-0.992639
-0.986146
-0.999996
0.552129
0.996033
0.972122
-0.992019
-0.998654
-0.099647
0.996191
0.587042
-0.983244
-0.876408
1.000000
0.985736
-0.999990
0.942690
-0.326700
-0.999710
-0.998830
0.998484
0.974866
0.777100
-0.970729
-0.999891
-0.992187
-1.000000
0.995361
0.427598
-0.999274
0.997301
-0.781180
0.999996
-0.957375
-0.996257
0.998540
-0.999659
-0.999861
-0.994838
0.999760
-0.886674
-0.996626
0.104261
0.916538
-0.999567
0.991767
-0.943214
0.994878
0.999926
-0.999208
0.999905
-0.999932
0.999833
0.299172
-0.703711
0.999856
0.999810
0.994319
0.226128
-0.999993
0.876212
0.992003
0.997309
0.881880
0.746108
-0.148869
0.966979
-0.991123
0.887144
-0.977438
0.954431
0.981814
-0.624129
-0.996300
0.896888
0.656902
0.994347
0.986757
-0.999975
0.614460
0.866095
-1.000000
0.998950
0.999997
0.983600
0.778612
0.998659
0.949877
0.884852
0.999507
-0.137063
-0.958691
-0.927753
0.994692
-0.999382
-0.995179
0.928033
0.988320
-1.000000
-0.999233
-0.989485
-0.845236
0.999982
0.980215
0.999999
0.999989
-0.500899
-0.999076
-0.811786
-0.343158
0.948215
0.999983
-0.935372
-0.995356
-0.997080
0.999985
0.886451
0.998608
-0.978966
-0.702280
1.000000
-0.999681
0.998751
-0.986158
0.999995
-0.997991
0.727701
0.810538
0.999786
0.992768
-0.994658
-0.998504
0.978534
0.995083
-0.999861
-0.998529
-0.996221
-0.825506
0.977325
-0.999886
0.665495
1.000000
-1.000000
-1.000000
-0.996813
-0.730265
-0.999994
-0.906691
-0.995626
-0.502839
0.122264
-0.739461
-0.997040
-0.091142
-0.999997
-0.995410
-0.914683
0.994837
0.998032
-0.725287
-0.526660
-0.999999
-0.998492
0.999971
0.988290
-0.999813
0.902051
0.999937
0.933064
0.559174
0.966595
0.999964
-0.939185
-0.998786
0.998638
0.430346
0.916675
0.984508
-0.176023
-0.854918
0.999589
-0.995056
0.996895
-0.999946
0.999973
-0.999156
0.999961
-0.998388
-0.999759
0.950473
-0.567068
0.996500
0.920608
0.999805
0.994841
-0.982097
0.967583
0.999922
-0.947903
-0.793038
0.997149
-0.705980
0.516613
-0.980575
0.994586
-0.998729
-0.999996
0.981495
0.882383
-0.999994
0.997516
0.999999
-0.917517
0.999049
0.998887
0.990052
-0.997757
-0.979693
-0.990423
-0.999996
-0.932841
0.990809
-0.999964
-0.968747
0.120817
-0.373839
-0.999827
-0.964247
-0.977267
-0.998879
0.983015
-0.839280
0.999995
0.999819
0.999569
-0.924291
0.419146
0.445407
0.999966
0.163331
0.997657
0.931163
-0.999843
0.982397
0.710986
0.714790
0.878420
-0.939967
0.983468
0.344154
0.999070
-0.728978
0.969984
-0.999899
0.344301
-0.872709
0.901648
0.780351
-0.995809
0.917747
0.992798
-0.499069
-0.924998
-0.998850
-0.981226
-0.907465
-0.994043
-0.998104
-0.895581
0.997880
-0.995940
-0.932801
-0.680109
0.990625
0.990315
0.995444
-0.981820
0.135299
-0.431298
0.965023
-0.997824
-0.399488
-0.999973
0.915348
-0.994642
-0.867227
0.992430
-0.932882
-0.265667
-0.999719
-0.769400
0.999998
-0.548586
-0.999471
-0.945009
-0.194975
0.785978
-0.860541
-0.999172
-0.104377
-0.413948
-0.858804
-0.978648
-0.615387
0.191813
-0.999162
0.325948
-0.939187
0.958414
0.996320
-0.957307
0.988455
0.999848
0.690662
-0.098621
-0.942323
0.601359
-0.992110
-0.857946
0.917641
-0.136154
0.527959
0.979997
-0.991030
0.235170
0.965747
0.956400
0.708095
0.991665
-0.998874
0.980490
-0.975737
-0.841501
-0.257206
-0.999757
-0.007343
0.963112
-0.998842
0.043398
0.999999
0.793056
0.805619
-0.999484
-0.999950
0.527943
-0.998357
-0.908206
-0.938342
-0.397875
0.999999
-0.999979
0.095737
-0.998525
-0.154437
0.982628
0.999337
0.813282
-0.654159
-0.222597
-0.956713
0.999309
-0.995215
0.421303
-0.710723
0.856206
0.931129
0.999882
-0.923923
-0.922725
0.836672
-0.969283
-0.937484
-0.898722
-0.004126
0.951438
-0.999291
-0.772800
-0.550114
0.967223
-0.999260
0.998963
-0.760519
0.991466
-0.064668
0.153878
0.999316
0.878473
0.870469
0.525041
0.998250
-0.999413
-0.999970
-0.841693
1.000000
-0.535677
0.187340
-0.944086
0.999998
0.999236
0.999868
0.971170
0.992594
0.999924
-0.999998
0.999826
0.999994
-0.198012
0.099332
0.998417
-0.999010
-1.000000
-0.964351
0.107098
-0.994160
0.999924
-0.999999
0.999897
0.990538
-0.851368
0.999875
-0.999720
-0.999925
-0.996875
0.105320
0.987691
-0.978196
-0.999232
0.080391
0.999941
0.920477
-0.113572
-0.996680
-0.872463
-0.999281
-0.868162
0.349487
-0.999996
0.351827
0.238450
0.958790
0.999965
0.983214
-0.357942
0.999971
-0.556950
-0.918108
-0.496869
-0.992882
-0.982058
0.440907
-0.862478
-0.999998
0.945048
-0.999292
-0.992662
0.096643
0.926926
0.999990
-0.986637
-0.860057
0.654943
-0.860704
-1.000000
-0.857159
0.330482
-0.999968
0.999434
1.000000
-0.664291
-0.755375
-0.941795
0.999987
-0.999236
-0.998784
-0.928371
0.975508
-0.982876
0.888930
-0.999985
-0.997449
0.972493
-0.836530
-0.992422
-0.977125
-0.737700
-0.999964
-0.369024
-0.999398
0.999998
-0.797141
-0.431966
-0.992735
-0.999330
0.336781
0.990020
0.781364
0.774528
0.908582
-0.999998
-0.599814
0.856220
0.981245
0.996797
0.982160
0.999740
-0.982305
-0.999651
-0.999340
0.901170
-0.999996
0.996138
-0.997756
0.706563
0.992336
-0.545263
0.992399
-0.999937
0.999994
-1.000000
-0.870841
-0.966652
0.984032
0.994813
-0.999978
0.880690
1.000000
0.981134
-0.999900
0.999990
-0.962878
0.999956
-0.778632
0.999980
0.999103
0.842498
-0.953092
0.999938
-0.060814
-1.000000
-0.999951
-0.998775
-0.999672
0.999950
-0.071017
-0.082437
0.999795
-0.999968
1.000000
-1.000000
-0.999998
0.965840
0.998620
0.999825
-0.687726
0.765669
-0.998234
-0.970002
0.999477
-0.927215
-0.148459
-0.997046
0.966096
0.997900
-0.909149
0.918230
-0.995629
-0.999991
-0.930180
0.999866
0.996245
0.926715
-0.998628
-0.999121
-0.935192
-0.949570
0.898962
-0.998820
-0.226977
-0.884624
0.999086
0.965094
-0.997923
-0.946778
-0.863562
-0.998221
0.997607
0.877961
-0.647104
0.999808
0.991993
-1.000000
-0.999946
0.593527
-1.000000
0.999999
1.000000
0.999262
0.995576
0.920490
-0.593628
0.027607
-0.999878
-0.997535
0.969699
-0.986137
0.787748
-0.984645
-0.965841
-0.982729
-0.998471
-0.994915
-0.949771
-0.999872
-0.314001
0.999999
0.997121
0.999932
0.999999
-0.999742
-0.988746
-0.998737
0.999929
-0.999996
0.793727
-0.720389
-0.916899
-0.999424
0.999945
0.975657
0.994330
-0.770568
-0.922236
0.999999
-0.880148
-0.960282
-0.557063
0.999786
-0.835328
-0.994699
0.999841
0.592777
-0.248360
-0.999925
-0.999979
-0.382749
-0.980008
-1.000000
-1.000000
-0.999615
-0.018235
-0.999073
-0.618003
-0.994336
0.999988
-0.999980
-0.999821
-0.905407
0.926498
-0.997475
0.971765
-0.999912
-0.982999
0.764485
-0.976188
-0.999935
-0.863012
-0.999998
0.999034
-0.985181
0.995422
0.999967
0.613953
0.674143
-0.999997
-0.994878
0.997062
0.994415
-0.999983
0.985802
0.967759
-0.989260
-0.769610
0.630369
0.977283
-0.992759
-0.997704
-0.991241
-0.659993
0.997306
-0.413362
0.961116
-0.350665
0.999758
-0.998343
-0.845813
0.946984
0.999932
-0.932840
-0.982003
-0.999895
0.978638
-0.830726
-0.949925
-0.996996
-0.605903
-0.952085
0.998788
-0.999455
0.963180
0.999022
0.933311
-0.926148
0.993025
-0.351308
-0.319301
-0.996479
-0.610084
-0.878632
-0.999999
-0.495346
-0.747052
-0.999967
0.998383
0.999998
0.642100
0.983794
0.990617
-0.836305
-0.793557
-0.845255
-0.990571
-0.999984
0.257149
0.999935
-0.999972
-0.997280
0.984240
0.243308
-0.981875
0.573607
0.937006
0.996900
0.991531
-0.855675
0.985402
0.997300
0.998901
-0.818993
0.047218
-0.275845
0.999990
0.185184
0.111802
0.246738
-0.995733
0.998597
0.977646
0.928592
0.983827
0.061808
0.991893
-0.997268
0.999852
-0.350330
0.999253
-0.867403
0.841361
0.328736
-0.934883
0.826231
-0.968332
-0.959915
0.983345
0.999887
-0.999982
-0.972903
-0.967962
0.305975
0.999988
-0.999402
-0.966804
1.000000
-0.999702
-0.999999
0.876606
0.798142
0.930755
0.077055
0.786996
0.999562
0.942080
-0.719501
0.968920
0.998967
-0.999999
-0.994058
0.994875
0.998842
0.960039
-0.610413
0.960095
-0.999090
-0.688783
1.000000
-0.999971
-0.999996
-0.902004
1.000000
0.914326
-0.992026
0.275201
0.921678
0.134026
0.991363
0.214875
0.910367
-0.999379
-0.384650
0.937576
0.386583
0.535449
-0.365924
-0.558616
0.748464
0.999854
0.995092
0.996999
0.999899
-0.999818
0.739078
-0.935515
0.813909
0.871943
-0.937924
0.943222
-0.644836
0.999145
0.929348
0.988317
0.999115
0.998953
-0.995490
0.999892
0.999940
0.981828
0.987956
-0.999998
0.999644
0.971301
-1.000000
0.968569
0.999997
-0.998562
-0.986702
-0.996990
0.996096
-0.999233
-0.990446
-0.969899
0.996183
-0.570303
0.999949
-0.999854
0.812550
-0.546132
-0.379979
-0.997616
-0.761341
-0.999498
-0.965493
-0.560431
-0.994945
1.000000
0.999952
-0.994387
-0.334953
-0.873028
-0.909697
0.999980
0.520624
0.790831
0.942457
-0.993663
0.828362
0.961013
0.975007
0.978912
-0.999704
0.999995
-0.999839
0.625008
-0.986117
0.969377
-0.797012
-0.470656
-0.894472
0.951115
0.113266
-0.999999
0.514730
-0.459775
0.935522
-1.000000
0.985367
-0.434243
0.999923
0.996397
-0.994504
-0.998099
1.000000
1.000000
0.999962
0.998763
0.869924
0.999777
-0.275481
-0.134092
0.999678
-0.524122
-0.937241
0.989113
0.906121
-0.999852
-0.973944
-0.397558
-0.985772
0.999993
-0.970464
-0.981337
0.999981
-0.742937
0.004452
0.649424
-0.908358
0.974419
0.934422
0.993826
-0.886018
0.960431
-0.998859
0.998477
-0.994238
-0.742449
-0.995317
-0.999808
-0.173920
0.937747
0.991923
-0.999630
-0.830432
0.101633
0.513707
-0.999794
0.963411
-0.816335
0.622478
0.966953
-0.999269
-0.960005
-0.334159
-0.999751
-0.047474
0.453521
-0.918641
0.471781
-0.962840
0.462652
-0.999939
0.810945
0.999884
-0.996324
-0.998474
-0.890319
-0.002897
-0.999997
0.876893
-0.998765
-0.986305
-0.775385
0.999983
-0.916632
0.969693
-0.895059
0.985701
-0.625789
-0.706492
-0.378885
0.313299
0.993245
0.981300
-0.998206
0.781755
0.997465
-0.148225
0.625752
-0.947884
-0.998328
0.841466
-0.732219
-0.929090
0.999198
0.993826
0.672248
-0.267539
-0.925394
-0.606136
-0.077873
-0.999965
-0.899626
-0.199081
-0.993430
0.534489
-0.700704
-0.999935
-0.991559
-0.999631
0.988956
0.202480
0.096377
-0.740428
-0.659599
-0.954606
-0.991503
-0.999623
-0.994887
-0.508750
-0.964913
-0.915817
-0.861176
0.999786
-0.867176
-0.902304
-0.804407
-0.999870
0.988737
-0.999942
0.016844
0.999896
-0.259094
-0.994920
0.992285
-0.959509
0.999525
0.544678
-0.875666
-0.633795
0.996743
-0.998289
0.998002
-0.996648
-1.000000
-0.994776
-0.980419
0.964032
0.999925
-0.960194
0.147496
-0.991904
-0.916394
0.999695
0.693496
-0.998509
0.996982
0.934098
0.885333
0.127408
-0.990946
0.966021
-0.886186
-0.998068
-0.999028
0.277633
-0.988388
-0.883869
-0.953811
-0.998587
0.971561
0.999763
0.376342
-0.525064
0.167243
0.810166
-0.522778
0.999193
-0.522522
0.151489
-0.884845
0.977192
-0.999842
-0.591450
0.302033
0.344656
0.974159
0.962936
0.551818
-0.994402
-0.995144
-0.982218
-0.386758
-0.953518
-0.974591
0.810424
-0.999997
-0.900148
-0.089076
-0.999997
0.999709
1.000000
0.999986
0.871763
-0.877360
-0.881542
0.842840
-0.993811
-0.999966
-0.892614
-0.935701
0.963169
-0.999987
0.830442
-0.891561
-0.999644
0.670943
-0.663291
-0.989102
0.978522
0.999996
0.968413
0.977413
0.998852
0.991631
0.997240
0.392419
-0.548589
-0.990349
-0.328614
-0.998072
-0.995396
-0.990148
-0.998290
0.307044
0.882405
-0.843726
0.495902
0.992000
-0.992922
-0.093675
-0.996621
0.739505
-0.999943
0.969890
-0.936561
-0.381176
-0.997697
-0.999476
-0.758415
0.939582
-0.905697
-0.977008
-0.998192
-0.558418
-0.984989
-0.997145
0.306321
-0.914567
0.999998
-0.995024
-0.999930
0.755363
-0.055384
0.411987
0.992693
-0.999008
0.999666
0.924030
0.856179
0.973281
0.800052
-0.999996
0.996521
0.312646
0.765272
0.671701
0.372568
0.951750
-0.998742
-0.987119
0.999888
-0.980497
-0.999821
-0.957339
0.999934
-0.822162
0.911480
0.977269
0.953112
0.995362
-0.992548
0.546781
-0.202032
0.961405
0.976173
0.985244
-0.163249
0.928659
0.960966
-0.999158
0.999979
0.999717
0.941594
0.140711
0.998732
0.266043
0.982354
-0.568710
-0.999182
0.987910
-0.999793
-0.423390
-0.930849
0.999268
-0.758654
0.099707
0.910077
0.983996
-0.993772
-0.042406
-0.430406
0.996992
0.966721
-0.999950
-0.785597
0.009834
-0.999930
0.997396
0.999987
-0.926296
-0.999908
-0.186507
0.014101
0.993175
-0.183131
-0.965107
0.909305
0.337419
0.999691
-0.999999
0.772671
0.902740
0.896252
0.551951
0.995174
-0.717983
0.944890
0.889564
-0.993301
0.977281
0.999159
-0.999486
-0.274951
-0.999837
0.747250
0.999519
-0.911956
0.996212
-0.986612
-0.989355
-0.996942
0.800419
-0.401797
0.998192
-0.997973
0.986550
-0.994795
0.970938
0.985645
0.994419
0.184625
-0.957201
0.582228
-0.536403
0.979514
-0.997229
-0.537737
0.999682
0.999818
-0.998175
0.999844
-0.972033
0.977403
-0.471046
0.999635
-0.967768
0.999660
0.430413
-0.992074
0.475700
0.945446
0.597970
0.676614
0.720007
-0.784163
0.986710
0.924838
0.973026
-0.243013
-0.999982
-0.996164
-0.902293
-0.960363
0.976458
0.468137
-0.999496
-0.998760
-0.935441
0.999943
0.996578
-0.999998
0.999924
0.649408
0.983869
0.793324
-0.996176
-0.990404
0.999999
-0.984525
0.996869
-0.791431
-0.289594
0.861512
0.996922
-0.999234
0.346531
-0.998754
0.427615
-0.889081
0.994017
-0.156925
-0.640817
-0.956214
-0.999569
0.554156
-0.998010
-0.996115
-0.926487
0.979331
-0.981975
-0.823810
0.984445
0.999823
-0.999574
0.990554
0.999793
0.999961
-0.999994
-0.238372
0.992664
-0.610147
-0.999992
-0.931869
0.321037
0.087373
-0.586174
1.000000
-0.782517
0.999709
0.586180
-0.272684
0.892126
-0.995224
0.595547
-0.999979
-0.998439
-0.677190
-1.000000
-0.750150
-0.493034
0.972419
0.997971
0.937835
-0.909663
-0.751287
0.999956
-0.963732
0.999997
0.621738
0.999981
0.992930
-0.901188
0.988951
0.827224
0.470622
0.997005
-0.999400
-0.999687
0.824263
0.958081
0.997981
-0.861085
0.478291
0.995297
-0.992783
-0.999996
-0.999919
-0.637054
0.348724
-0.455976
-0.974564
0.071243
0.975856
-0.999983
-0.941865
0.821152
0.999666
-0.954837
0.330945
0.884137
