-0.994844
-0.998586
0.965388
-0.997107
-0.999997
0.999863
-0.954935
0.999721
0.898145
-0.997843
-0.994847
-0.999969
-0.995338
-0.952825
0.999506
-0.999928
-0.417236
0.519358
-0.997593
-0.999997
-1.000000
-0.939699
0.999241
0.849390
-0.280307
0.954852
0.996360
-0.910965
0.999976
0.967380
-0.876512
-0.185914
-0.810512
0.998925
-0.985067
1.000000
0.345635
0.959647
-0.991810
0.999537
0.899044
-0.983828
-0.615897
-0.996140
-0.971716
-0.947468
-0.741080
0.997627
0.999998
-1.000000
-0.999307
-0.999996
0.999884
0.999962
-0.999107
0.999999
0.995026
0.990257
0.998005
-0.999994
0.999245
0.473282
0.999952
-0.962999
-0.955791
-0.999999
0.997412
0.871066
0.542725
0.999556
-0.999546
-0.545150
-0.813189
0.856937
0.999190
0.999887
-0.999996
1.000000
-0.947025
-0.999988
-0.999983
0.996679
-0.988371
-0.999829
0.999999
-0.967940
-0.999961
0.999973
0.999793
-0.998147
0.994250
-0.059073
0.972311
0.999831
-0.999991
-0.985361
-0.981464
-0.999953
0.999384
-0.999683
-0.996152
-0.998136
0.983385
-0.984690
-0.940311
0.997617
0.969935
0.996014
0.999995
0.997404
-0.995691
-0.999933
-0.999901
0.532357
-0.998826
0.906328
0.885306
-0.999955
-0.859141
0.570750
-0.966338
-0.999999
-0.956132
0.977235
0.999965
0.999993
0.998503
0.997069
-0.984668
0.639477
-0.998896
-0.998317
-0.999998
-0.995410
-0.783616
0.954085
0.996745
-0.483773
1.000000
-0.999999
-0.997894
-0.574752
0.618743
0.990231
-0.174393
0.885658
-0.976190
-0.999955
-0.999783
0.501458
0.311289
0.489683
-0.998467
-0.791802
0.999647
0.919750
0.992079
0.351935
-0.986454
-0.814523
0.476474
0.992546
0.824062
0.999997
0.999932
0.639816
0.999983
0.901678
0.998839
-0.999781
-0.999941
-0.927546
-0.552750
-0.866903
0.997396
0.413423
0.999996
-1.000000
-0.985927
0.997640
0.999598
0.990178
-0.999995
1.000000
0.939229
0.994214
0.996103
-0.999961
-0.975545
-0.904248
0.922188
-0.994237
-0.972210
-0.997719
0.969230
0.744959
0.974725
0.996898
0.999493
-0.787736
-0.734521
-0.997932
0.995399
0.999701
0.967928
1.000000
0.949279
-0.999990
-1.000000
-0.995932
-0.999991
-0.983931
0.999994
0.922666
-0.992856
0.999945
0.995629
-0.997781
-0.856048
-0.658310
0.790266
0.998910
-0.999991
-0.999992
-0.986599
-0.873219
-0.994439
-0.513520
-1.000000
0.457511
-0.950965
-0.991793
-0.980308
0.999048
0.999811
0.998691
0.999999
0.999250
-0.993471
-0.999993
-1.000000
0.894267
-0.272080
0.999834
0.999995
-0.999931
0.653694
-0.680025
0.971575
-0.999924
0.801450
0.947259
0.999842
0.999973
-0.470701
-0.930475
-0.997718
0.992830
-0.999429
0.999990
-0.999999
0.999761
0.999987
0.993350
0.984423
-0.999991
-0.997891
-0.999999
-0.999994
0.997435
0.989606
-0.999705
0.993829
-0.983231
-0.999851
-0.999998
-0.999967
0.994856
0.999421
0.999928
-0.996857
0.880893
-0.999792
0.999887
0.988000
0.980460
-0.247809
0.981699
0.999993
0.866450
0.989163
0.999999
-0.766765
-0.845635
-0.999998
0.999488
0.999306
-0.985146
-1.000000
-0.999764
0.991073
0.396618
0.995333
1.000000
0.997246
-0.999998
-0.999803
0.999604
-0.935281
0.512700
-0.999787
1.000000
0.999092
-0.999976
0.999536
-1.000000
0.908623
0.999995
-0.701061
0.986708
-0.998637
-0.999797
-0.995066
0.997476
0.999824
0.999984
0.999064
0.999933
0.839055
-0.850404
-0.999938
0.996112
-0.999409
0.999992
0.999682
-0.999997
-0.999999
0.997759
0.999986
-0.992324
0.999745
0.743321
0.254254
-0.999979
0.999730
0.999940
-0.999893
0.457999
-0.936047
0.934187
-1.000000
-0.998547
0.944937
0.621024
0.985435
-0.999953
0.810592
0.997504
-0.980309
-0.999794
0.958390
0.999969
0.999998
0.999857
0.999978
0.999995
0.563963
-1.000000
-0.759419
-0.994293
-0.998958
-0.997323
-0.960216
-0.754403
-0.755437
-0.941623
0.581608
0.578778
-0.999874
-0.979797
-0.999833
-0.999700
-0.974548
-0.430259
-0.999996
0.999997
-0.916272
0.999924
-1.000000
0.999994
0.999767
0.999999
0.999061
-0.999990
0.997793
-0.999999
-1.000000
0.926313
-0.866982
-0.999997
-0.433681
-0.984108
0.795896
-0.999878
-0.999999
0.972375
0.444266
0.999993
-0.999787
0.989130
0.871048
0.999006
0.999999
0.111429
-0.725085
-0.891370
0.984870
0.999796
-0.932498
1.000000
-0.997808
-0.843531
-0.977939
0.999999
0.999018
-0.996510
-0.999932
-0.999884
-0.995419
0.965198
0.999848
1.000000
0.999993
-0.999999
-0.998143
0.947816
1.000000
-0.900793
-0.999974
1.000000
-0.655058
-0.959581
0.999970
-1.000000
0.999781
0.999957
-0.517100
0.999938
-0.159294
-0.999999
-0.267479
0.999998
0.973577
0.999999
1.000000
0.997956
0.999983
0.929613
-0.999991
0.999991
-0.994721
1.000000
-0.999872
-1.000000
-1.000000
0.999934
0.999993
-0.997715
0.999677
-0.954884
0.998921
0.412839
0.936750
0.999637
-0.997476
-0.790269
-0.998830
1.000000
-0.999996
-0.970610
0.809467
-0.999589
0.925102
-0.999403
-0.967996
0.998991
0.996737
-0.999955
0.686510
0.999992
0.999986
0.997614
0.999987
0.999878
-0.965620
-0.999996
-0.999650
-0.990723
-0.997347
-0.837434
0.941202
-0.998945
-0.060864
0.688109
0.910122
-0.999998
-0.852899
0.973277
-0.979918
0.998884
0.667347
-0.999573
-0.774631
0.954595
0.999631
-0.996819
-0.999909
0.995453
-0.563080
0.992679
0.999802
-0.709930
-0.964091
-0.999991
0.764441
-0.565219
-0.999674
-0.692582
0.999997
-0.999308
-0.999797
-0.938871
-0.620161
0.999795
-0.182390
0.978967
-0.941435
-0.920775
0.864932
-0.995634
0.014151
0.999999
0.991316
-0.718550
-0.733799
0.999684
-0.051681
0.999714
-0.999614
0.999962
-0.996837
0.996055
0.763162
-0.999847
0.942172
-0.999217
-0.108290
-0.970144
0.999889
0.313125
0.999248
-0.999985
0.352082
-0.989850
0.982964
-0.975152
-0.999995
0.999688
0.522889
-0.971654
-0.959140
-0.999981
0.997422
0.975593
0.994670
0.234880
0.819387
-0.999972
-0.987385
0.946153
0.997576
0.998364
-0.997996
-0.957986
0.999993
0.999972
-0.511102
-0.791860
-0.999790
0.311280
0.993509
-0.999990
-0.965142
0.999959
0.998657
-0.320896
0.999951
0.907942
0.999964
-0.989345
-0.921536
-0.996554
0.992395
-0.842039
0.999717
0.995896
-0.999992
-0.143701
1.000000
0.969843
0.999973
-0.986052
0.999997
-0.993916
0.999986
0.770559
-0.236555
-0.914783
0.985117
0.998149
0.999932
0.999968
-0.711726
-0.999999
-0.985415
1.000000
0.976130
0.950419
0.409640
0.994933
0.999996
0.032406
0.036650
-0.974111
0.973803
-0.931107
-0.993901
0.963159
0.998846
-0.897861
-0.963218
0.968655
-0.999980
0.940724
-0.999999
0.999384
-0.992857
-1.000000
-0.103939
0.900191
1.000000
-0.999964
-0.584338
-0.999774
0.926592
-0.997771
-0.265345
0.998361
-1.000000
-0.999962
0.999981
0.882933
-0.766382
0.999964
0.898743
-0.896204
-0.998003
0.934184
0.999780
0.592667
-0.917166
-0.920950
0.951904
0.999534
-0.938104
1.000000
0.621002
-0.683556
-0.489316
-0.670283
0.948271
-0.996439
-0.999390
-0.991405
0.234009
-0.949633
1.000000
0.999327
0.999998
-0.999783
0.999997
0.994110
-0.999997
-0.413062
-0.999999
1.000000
0.945799
0.056308
0.999440
-0.999984
0.999913
0.999996
0.996558
-0.740142
-0.999682
-0.631163
0.999981
-0.899735
-0.934348
-0.999998
0.906138
0.826990
-0.999824
0.879650
0.732944
-0.798688
0.999991
0.952242
-0.997298
-0.999999
-1.000000
0.998123
-0.999999
-0.609779
0.999990
0.997732
-0.999991
-0.999926
0.999991
-0.994018
-0.999955
-0.999617
-0.399135
0.999999
-0.999945
-0.999988
0.999992
-0.999319
-0.108749
0.345053
-0.998428
0.473905
-0.722163
-0.999964
-0.648430
0.999998
0.999928
-0.998250
0.999988
0.999683
0.908646
-1.000000
-1.000000
0.999263
0.999326
-0.023212
-0.971818
-0.971444
-0.326755
0.999988
0.999619
-0.735679
0.208887
0.608366
0.815769
-0.999854
-0.999990
-0.705181
0.908388
0.845438
-0.998965
-0.853250
-0.999998
-0.985371
0.956752
-0.981432
0.897392
-0.098240
0.712607
-0.999995
0.877659
-0.990670
0.987690
0.941996
0.999960
-0.278435
-0.999998
-0.997491
1.000000
-0.962351
0.596817
0.995884
0.969048
0.626657
-0.999965
-0.999942
0.999987
0.881987
0.108166
0.524035
-0.709808
0.141575
0.992574
0.999999
-0.999996
0.921797
-0.878986
-0.999133
-0.635727
-0.960584
-0.999994
0.830855
0.982590
-0.986559
0.999978
0.999496
-0.995688
0.993860
0.996044
0.999792
-1.000000
0.999786
-0.999999
1.000000
0.926191
0.719392
0.899004
-0.999997
0.836585
0.582989
-0.485379
0.867365
-0.974171
0.936998
0.992995
0.986041
-0.419323
-0.999852
0.964551
-0.999997
-0.981291
0.973171
0.526520
0.963260
1.000000
-0.990145
-0.999902
-0.999981
-0.504984
-0.986401
-0.999590
0.127875
0.999996
0.050245
0.219021
-0.999948
0.999993
-0.987758
0.116177
-0.987194
0.982877
-0.845272
-0.999712
-0.999998
0.999978
0.237921
0.996441
-0.789774
-0.990423
-0.987552
-0.949620
-0.949814
0.302019
0.996909
-0.967443
-0.999632
0.999997
0.999957
-0.270373
-1.000000
0.769091
-0.987903
-0.226396
0.711213
0.982308
-0.111701
0.983547
0.121719
0.782205
0.870638
-0.935235
-0.663244
-0.996683
-0.976229
-0.990505
0.999987
0.645457
0.281813
-0.997103
-0.995313
-0.999561
-0.937519
-0.266014
0.971620
0.994987
-0.999981
0.999754
-0.982694
0.182365
0.202774
-0.998443
0.454362
-0.628747
-0.901686
0.999999
-0.961198
0.389931
0.786070
0.994729
0.905092
-0.845937
0.835093
0.996527
-0.991387
0.991595
-0.967643
-0.910749
1.000000
-0.934670
0.999997
0.999070
0.988988
0.975133
0.999940
0.999965
0.999443
-0.894758
-0.787499
0.018636
-0.645506
-0.856303
0.958075
-0.149245
0.485983
0.939386
-0.999652
0.347924
0.551566
0.972412
0.979180
-0.999997
0.999553
-0.993938
-0.993576
-0.622671
-0.997776
-0.893826
0.450475
0.992620
0.995669
0.425275
0.942271
0.878802
-0.997463
0.521707
0.993601
0.981767
-0.990913
0.957805
0.998396
-0.906534
0.999366
0.761639
0.222660
-0.982299
-0.999900
0.628813
-0.513871
-0.615584
-0.970586
0.999999
0.998740
-0.990683
0.999596
-0.860782
-0.603896
-0.707607
0.764727
-0.998828
0.999979
-0.997402
-0.763614
0.812602
-0.626408
-0.999148
-0.467336
0.825203
0.999428
0.999828
-0.985659
0.998974
0.704843
-0.871924
0.743193
0.999745
0.998416
-0.659756
-0.999959
-0.996380
0.023672
0.972600
0.890392
0.999987
-0.986229
0.997562
-0.986258
0.713673
-0.982059
0.988894
0.583138
0.978617
0.879566
-0.871895
-0.940776
0.958230
-0.938130
-0.942299
0.735623
-0.999995
-0.997843
0.934100
0.996012
0.423311
0.942831
-0.995671
-0.999989
-0.997169
0.756679
0.962398
0.999996
0.847774
0.995291
-0.999522
-0.999960
-0.990519
0.787664
-0.974297
0.734349
0.819752
-0.999021
0.997570
0.932531
-0.780720
0.999711
-0.052402
0.069774
-0.934184
0.418198
0.999790
0.999698
0.934303
0.999778
-0.799871
-0.340261
0.991458
-0.997662
-0.997189
-0.999617
-0.780726
-0.999851
0.997662
0.983254
-0.915714
-1.000000
-0.603868
0.871309
-0.999996
0.950557
-0.999962
1.000000
0.970139
0.823583
0.998898
-0.999980
-0.997784
0.981937
0.643168
-0.762041
0.872640
0.999799
-0.965547
-0.683109
0.994252
0.887919
-0.992321
-0.999015
-0.457835
-0.984579
0.995697
0.924616
-0.361171
-0.950387
0.997199
-1.000000
0.879300
-0.998541
0.960886
-0.831221
0.999985
0.971363
-0.975901
0.846429
0.998586
0.993518
-0.824805
-0.997302
-0.987248
0.992772
-0.996168
-0.993751
0.944835
-0.413669
-0.912993
-0.208336
-0.995440
0.448538
-0.992136
0.519934
-0.838986
0.968816
0.999861
0.998724
0.999998
0.999589
-0.940176
-0.999999
-0.999941
-0.829725
0.903860
0.951094
0.999933
-0.965218
0.500357
-0.999895
0.999945
0.999899
-0.863608
-0.887698
-0.844994
0.998011
-0.973059
0.977216
-0.999989
0.925565
-0.999973
0.966728
-0.999998
0.984753
0.979323
-0.997990
0.994840
0.963812
0.943933
-0.999985
-0.981138
-0.999987
-0.655840
-0.999682
0.907019
0.722726
-1.000000
-0.999518
0.999995
-0.954389
-0.917339
1.000000
-0.912139
0.999977
-0.986385
0.713164
0.998283
0.998326
-0.549981
-0.969330
0.886976
0.562309
0.443400
0.999998
-0.899045
0.872426
0.954133
0.573018
0.998432
-0.999903
-0.999930
0.973264
-0.867762
0.447340
1.000000
0.999941
0.997893
-0.998570
0.999991
0.999914
-0.999978
0.995518
-1.000000
1.000000
0.993085
0.999378
0.711210
-0.999984
0.999865
0.999870
0.977437
0.934118
-0.990876
0.365932
0.999855
0.969183
-0.735429
-0.999035
0.990657
-0.999981
-0.999997
-0.787903
-0.670366
0.606940
0.999842
0.969568
-0.999687
-0.999977
-1.000000
0.392158
-0.999642
-0.996562
1.000000
-0.997340
-0.594448
-0.999416
0.999932
0.191307
-0.959852
-0.999885
0.994743
0.989948
-0.999997
-0.999499
0.999995
-0.992750
-0.995050
-0.917542
-0.999717
0.817374
-0.966928
-0.999997
-0.988913
0.989325
0.980036
-0.999476
0.999991
0.995031
-0.927615
-0.999998
-0.999638
-0.987478
-0.999580
0.991051
-0.778971
-0.991525
0.570595
0.886653
-0.743452
0.989178
0.568210
0.584021
0.840597
-0.999343
-0.991857
-0.752466
-0.962217
0.999974
0.999608
-0.984430
-0.999992
-0.890197
-0.986223
0.999940
0.670103
-0.996877
-0.997803
-0.999760
-0.999984
0.998797
0.086048
0.995833
-0.997710
-0.997324
0.957271
-0.995955
-0.999943
0.999840
-0.815485
0.989182
0.031709
-0.999951
0.999998
-0.739392
0.953302
0.999955
-0.999999
0.999990
0.913264
1.000000
0.990483
0.999991
-0.930715
0.971790
0.999650
0.999993
0.244681
-0.937158
-0.937649
-0.907593
-0.028582
0.500739
0.987464
0.999937
0.996511
-0.999998
-0.999997
-0.994783
1.000000
-0.857852
-0.999970
0.999999
0.981525
0.997437
0.999999
-0.999984
-0.987482
0.999892
-0.999939
0.912362
0.140310
-0.999981
-0.999254
0.996971
0.991529
0.999983
0.988084
0.807362
0.999308
0.993250
0.995658
0.999945
-0.999741
1.000000
0.999980
-0.999998
-0.999888
0.991500
-0.998210
0.999890
0.999999
0.996833
-0.110685
0.999940
0.999986
-0.999936
-0.999602
-0.991430
-0.832283
0.999440
-0.999902
-0.910532
0.999991
0.813497
0.997774
-0.999932
0.777565
0.995763
-0.997935
0.980513
0.995919
0.949662
0.986421
0.999422
0.999998
0.999999
0.836736
-0.999743
-0.999999
-0.999943
-0.941902
0.999406
0.998988
0.992048
-0.599490
0.032613
0.999935
-0.999701
-0.999617
-0.963074
0.917571
1.000000
-0.702482
0.998040
-0.806839
0.968980
-0.744261
-0.979452
-0.999994
0.958566
-0.998864
-0.999984
0.999895
-0.990669
0.999995
-0.999988
-0.999923
-0.540886
-0.590631
-0.218001
0.288071
0.073701
-0.998824
-0.999830
-0.999746
-0.349861
0.035582
0.993866
0.742642
0.906539
-0.231359
-0.998647
0.999956
-0.793511
0.974250
-0.864277
0.450157
-0.932223
0.999436
0.999999
0.999929
-0.998843
0.864944
0.613628
0.696534
-0.999948
-0.999988
-0.999989
0.421554
0.999273
0.196945
0.999993
0.999132
-0.996578
0.999983
0.963161
0.999811
0.923565
-0.988438
0.999998
-0.979191
-0.999974
0.999971
-0.999995
0.987873
0.722140
-0.934002
0.955512
-0.998005
-0.999800
0.824432
0.967053
0.995894
0.998826
0.998579
0.983317
-0.999554
0.946909
-0.994295
0.865342
-0.998136
1.000000
0.086206
-0.999987
-0.999995
0.992600
-0.970424
0.999857
0.998852
0.750084
0.377370
0.999974
-0.485920
-0.999229
-0.668691
0.809593
-0.879291
0.999870
-0.999753
-0.999999
-0.474754
0.999942
0.993567
-0.887394
-0.999484
0.625396
-0.679149
-0.980723
0.592551
0.993908
0.981762
0.995279
0.999973
0.703819
-0.978224
-0.999859
-0.999881
-0.998806
-0.710153
-0.997702
0.988991
0.543433
0.433332
0.693764
0.912420
-0.023629
0.981250
-0.362511
0.812915
0.993551
-0.999834
-0.997821
-0.999922
0.991351
-0.995395
-0.965788
-1.000000
-0.797037
0.999999
0.999984
0.933259
-0.995400
-0.972248
-1.000000
-0.992182
-0.995173
-0.977823
-0.999674
0.999503
0.706657
0.996555
-0.999995
0.998815
-0.999976
-0.989944
0.725775
-0.995596
0.996322
0.998150
-0.848509
0.999987
0.851252
0.997270
0.968519
-0.700679
0.999963
-0.998785
0.999998
-0.999999
0.775708
0.588658
0.961000
0.994010
0.991477
0.992858
0.956095
-0.993825
0.418659
0.985291
0.998650
0.988358
-0.994539
-0.994032
0.987973
-0.999866
0.995196
-0.999820
1.000000
-0.999556
0.999996
-0.976927
-1.000000
0.983907
0.993265
0.990455
0.999586
-0.970785
0.989378
-0.768369
0.984798
-0.999877
-0.985565
0.998942
-0.957864
0.999177
0.999321
-0.283786
0.996366
0.987781
-0.996256
-0.996232
-1.000000
-0.999920
-0.836737
0.975513
-0.999992
0.999891
-0.657897
0.978011
-0.998278
0.973747
-0.830416
-0.985231
-0.990458
-0.515009
0.999880
-1.000000
-0.999762
-0.358306
-0.963305
-0.008769
0.311674
-0.997263
0.824935
-0.986035
-0.994257
-0.999697
0.999893
0.985256
-0.629617
1.000000
1.000000
-0.965222
-0.999986
-0.963723
0.999788
0.914531
0.981620
0.999861
-0.988308
-0.999935
-0.999795
0.210110
-0.999958
-0.502789
0.992314
-0.252666
0.997465
-0.998303
0.998745
-0.998787
0.999973
0.999943
-0.999995
-0.999994
-0.998541
-0.992865
0.999987
0.999469
-0.987900
-0.999053
-0.999994
-0.999966
0.999999
0.885200
0.999942
0.806801
-0.866453
0.896824
-0.996933
-0.999991
0.999951
-0.999541
-0.996980
0.997714
-0.997379
1.000000
-0.992372
0.998514
0.951365
-0.998779
0.999976
-0.760235
0.999995
0.997969
0.999996
-0.951213
0.999994
0.998592
0.999991
0.306618
-0.993639
-0.999631
-0.902957
0.995524
0.976689
-0.982374
0.999929
0.999999
-0.999999
-0.999572
-0.954257
1.000000
0.999943
-0.998820
1.000000
0.972202
0.977963
1.000000
-0.999999
-0.987538
0.996116
-0.987232
0.156388
-0.654440
-0.999553
-0.918332
-0.999818
0.990799
0.999994
0.962596
0.724777
0.988308
0.999985
0.996690
0.999944
-0.999119
0.999999
0.955168
-1.000000
-0.999833
0.999850
-0.990783
0.999447
1.000000
0.840453
0.404994
1.000000
0.999136
-0.999936
-0.999850
-0.504992
0.803962
0.998550
-0.999920
-0.938063
0.999900
-0.755863
0.994065
-0.999582
-0.984044
0.999728
-0.997156
0.888016
0.231690
0.929219
0.881633
0.999985
0.999999
0.999928
0.795582
-0.999998
-0.999987
-0.996044
-0.975637
0.999539
0.999954
0.484600
-0.997612
-0.999786
0.999618
-0.999893
-0.995614
-0.783013
0.998371
1.000000
-0.747716
0.996268
-0.999185
-0.998058
0.894904
0.967516
-0.999976
0.965197
0.998596
-0.894395
0.995445
0.992732
-0.999507
-0.999997
-0.917921
-0.992348
0.744421
-0.604614
0.999947
0.765124
-0.999986
-0.985591
1.000000
-0.946532
0.865516
0.998502
-0.999878
-0.558723
-0.977716
-0.964078
-0.988669
0.999512
-0.938611
0.877130
-0.444770
0.999937
0.906442
0.999962
-0.999792
0.999957
0.929496
0.997986
0.999414
-0.998890
0.398948
0.999920
-0.326954
-0.954208
1.000000
0.960870
0.976665
0.109602
-0.105078
-0.988156
-0.999999
-0.156624
-1.000000
0.999963
0.993512
0.967349
0.993598
-0.999900
-0.983090
-0.957180
0.303697
-0.593936
0.997710
0.999953
0.697612
-0.128086
0.955520
-0.999981
-0.994261
-0.999965
-0.999887
0.982526
0.991957
0.987246
0.998558
-0.994615
-0.988864
-0.999998
-0.957820
0.954603
0.438184
-0.942532
1.000000
0.976691
-0.540813
-0.739476
-0.970402
0.999888
-0.281923
-0.999951
0.998474
0.993718
-0.999942
-0.852382
0.997828
-0.999325
-0.959056
-0.980366
0.925514
-0.949102
-0.979765
0.856789
0.999782
0.999543
-0.989784
0.994892
0.999846
1.000000
-0.996046
-0.999985
0.712960
-0.065155
-0.536999
-0.941076
-0.999875
-0.994246
0.990063
-0.354318
0.981830
0.999641
-0.166372
0.998909
0.988923
-0.997903
0.995158
-0.390648
-0.822561
0.993107
-1.000000
-0.997623
-0.999999
0.719124
1.000000
0.877453
0.278212
-1.000000
-0.281446
-0.999999
-0.994701
-0.969085
0.924601
-0.990231
0.995178
-0.999729
-0.412192
-0.999990
1.000000
-0.999906
-0.981520
-0.995300
0.997767
0.999974
-0.951665
-0.990852
0.999087
0.656699
-0.547463
0.999939
-0.121842
0.996788
0.998136
1.000000
-1.000000
0.984725
0.999058
-0.197775
0.988743
-0.032208
-0.999949
-0.954565
-0.997599
-0.269120
0.996918
0.999959
-0.453219
-0.999427
0.770280
0.999991
-0.999999
0.995050
-0.993473
1.000000
0.985943
0.856926
-0.997443
-1.000000
-0.999037
0.999915
0.998974
0.169985
-0.953018
-0.761700
-0.975057
0.912339
-0.142102
-0.999860
0.780234
-0.999924
-0.768396
0.999995
0.999970
0.278464
0.994219
-0.982657
-0.919272
-1.000000
0.982874
-0.720050
0.998657
-1.000000
0.999795
-0.999641
-0.161274
-0.999982
1.000000
0.997914
-0.952552
-0.003540
0.903264
0.999949
-0.998587
-0.999996
-0.927174
-0.999556
0.801283
-0.945598
-0.957055
-0.990245
0.425915
-0.951633
-0.977148
0.997890
-0.998890
-0.378253
0.999998
0.999995
-0.995678
-1.000000
0.999997
-0.697154
0.999345
0.820224
0.572770
-0.987940
-0.581884
-0.968712
0.996408
-0.881721
0.997526
-0.452408
-0.998901
-0.999361
-0.966801
0.997442
-0.852262
0.884292
-0.914870
-0.999375
-0.999684
0.920383
0.653428
-0.984535
0.993862
-0.679586
0.999665
-0.999109
0.965725
-0.981322
0.855520
-0.889511
0.986596
0.211120
-0.996346
-0.999868
0.999954
0.489590
-0.485958
-0.999769
0.989573
-0.751480
-0.863707
-0.998753
0.991907
-0.999963
0.951562
-0.075043
0.778854
0.963598
-0.998930
0.999985
-0.999987
0.963884
0.968706
-0.806797
0.902975
0.895835
-0.551452
-0.902936
-0.129327
0.999930
0.982654
0.567061
0.999478
0.984942
0.314163
0.332553
0.934162
0.985085
0.537595
0.999976
0.051127
-0.940038
-0.086195
-0.999830
0.965723
0.679944
0.038456
-0.879137
0.836244
-0.995479
0.713758
-0.671738
-0.948968
-0.875887
0.951402
-0.797002
-0.983904
0.999978
0.958954
0.979457
0.936094
0.876904
-0.731526
-0.998226
-0.725314
0.955066
-0.991491
-0.988355
-0.840551
-0.816965
0.937353
-0.973214
0.790381
-0.954479
-0.999757
-0.839840
0.969529
0.999646
0.842515
-0.959496
0.962315
-0.984893
0.943610
0.923370
-0.965499
-0.990671
0.975677
0.976314
0.964304
0.793463
0.766871
-0.997309
0.992243
0.870120
-0.823595
-0.984738
0.742410
-0.956513
0.968065
-0.118007
-0.861948
0.579371
-0.581806
0.970783
-0.517122
-0.991358
0.998897
0.981236
-0.961062
-0.194764
-0.972149
0.780594
0.716219
0.132124
-0.999998
-0.512802
-0.999999
-0.951618
0.999595
0.784385
0.997616
0.093289
-0.644468
-1.000000
-0.999786
-0.502490
0.999785
0.989607
0.999950
0.679097
-0.999999
-0.999999
0.999520
0.986619
0.993067
0.985568
-0.998376
0.998397
0.032634
-0.999160
-0.691785
-0.973374
-0.999681
0.999163
0.555486
0.999464
-0.999843
0.997559
-0.989992
0.977840
-0.370956
-0.177002
0.999642
0.505828
-0.976649
0.954556
-0.637930
-0.896391
0.999597
0.986160
0.585088
-0.881438
0.679817
0.999951
-0.999995
-0.977312
-0.999999
0.999999
0.418997
0.370771
0.822483
-1.000000
0.983295
-0.648268
-0.999585
0.772600
0.865673
-0.652131
-0.997158
-0.541403
-0.958836
-0.983883
0.868195
-0.997699
-0.685760
-0.241279
0.929500
-0.852004
0.871281
0.747716
-0.996233
-0.999992
0.861371
-0.779258
-0.970400
-0.934113
0.999998
-0.980674
-0.995690
-0.999932
0.917553
0.933469
0.076739
-0.299067
-0.964099
0.241757
-0.997316
-0.984678
0.853066
0.884273
-0.963950
-0.342969
0.999792
0.980992
-0.999981
0.446272
0.999936
0.998503
-0.721023
0.998822
0.999998
1.000000
-0.999835
-0.999999
-0.659975
0.992114
-0.985604
0.543028
0.915049
-0.145113
0.329971
0.998464
0.939611
0.998622
-0.020031
-0.350619
0.382803
0.070518
-0.988076
-0.549919
0.938709
-0.975971
0.999817
0.999286
-0.999982
-0.902235
0.928802
0.992542
-0.608458
-0.999461
-0.987719
-0.999974
-0.896625
-0.955373
-0.558839
0.999602
0.999960
-0.809201
0.999998
-0.998787
-0.999140
0.974173
0.997051
0.999649
-0.992831
0.916668
0.997218
-0.995379
0.993143
0.573358
-0.999387
1.000000
0.958621
0.999973
0.957486
0.999771
0.997065
1.000000
0.865259
0.997720
-0.992195
-0.987430
-0.636250
-0.989588
-0.762286
0.484031
0.866324
0.603652
-0.976108
-0.999983
-0.083328
-0.970242
-0.985553
0.999891
-0.999994
0.999990
0.244914
-0.994514
0.792858
-0.999983
-0.937286
0.980881
-0.981749
0.999992
-0.994267
0.999955
0.999920
-0.993987
0.999765
0.923205
-0.915314
-0.997538
0.989138
0.936704
0.978033
0.998209
0.981936
-0.804608
-0.999656
-0.999998
0.991028
-0.978292
0.977551
0.957401
0.999999
0.770474
-0.998366
0.961746
-0.999723
0.924278
-0.480536
-0.997915
0.480899
0.996915
-0.999472
-0.957361
0.998428
-0.997668
-0.991161
0.999467
0.999991
0.998443
0.998191
0.525394
0.972222
0.987352
0.989155
-0.609331
0.999914
0.999969
-0.966954
-0.999937
0.991388
-0.977699
0.769452
0.437588
0.999700
0.993088
0.998176
-0.999878
0.875372
0.977712
0.679809
-0.873732
-0.907007
0.956427
-0.962039
0.869796
-0.988976
0.999758
0.999727
-0.987251
-1.000000
-0.999408
-0.725788
0.999395
0.768509
-0.999256
-0.977812
-0.999991
-1.000000
0.999993
0.998528
0.998591
0.755403
0.972602
0.257316
-0.999840
-0.999997
0.660454
-0.995158
0.991695
-0.885981
-0.999497
0.999997
-0.798626
0.999773
0.999744
-0.999913
0.931315
0.054917
0.999993
-0.650387
0.999997
0.636195
0.996497
0.999812
0.999835
0.652188
-0.926657
-0.999933
0.104310
-0.994012
-0.907070
0.662651
0.999941
0.999989
-0.999885
-0.999890
-0.999809
0.999995
0.992868
-0.994987
0.999999
0.252013
0.999368
0.999989
-1.000000
-0.636941
0.941861
-0.999592
-0.760372
-0.998663
-0.999917
-0.182558
0.204273
0.946057
0.999559
0.985176
0.951764
0.996710
-0.999794
0.996264
0.999981
-0.999977
1.000000
0.999974
-1.000000
-1.000000
0.988664
-0.999804
0.999906
0.999999
0.976254
-0.999549
0.999975
0.997953
-0.999999
-0.999419
-0.345833
-0.935596
0.996107
-0.998270
-0.999968
-0.999970
-0.960507
0.983581
-0.999302
-0.896734
0.942406
-0.999973
0.467964
0.848875
0.444079
0.905246
0.999533
1.000000
0.999828
-0.994571
-0.999838
-1.000000
-0.990739
-0.999631
0.959159
0.998854
0.898513
0.676376
-0.993992
0.960893
-0.999869
-0.997333
0.814651
0.999501
1.000000
-0.979981
0.973570
0.992711
0.999715
-0.147736
-0.999807
-0.999999
-0.999961
-0.712405
0.952826
0.999272
-0.880970
0.999969
-1.000000
-0.863385
-0.737920
0.567265
0.939143
0.996431
-0.925881
-0.999999
-0.954798
0.901143
0.983632
-0.997699
-0.987611
-0.937440
-0.877236
0.999999
-0.999308
0.998732
0.996871
0.089162
0.916738
-0.995584
0.999986
0.999977
0.999885
-0.975874
0.216669
0.994377
0.980043
0.929659
-0.937281
-0.999998
-0.619227
0.992310
-1.000000
0.395970
0.987107
0.999868
-0.999993
0.760961
0.999101
0.999998
0.999929
-0.999501
0.999999
0.803730
-0.999485
0.999999
-0.999998
-0.983235
0.852633
-0.999881
-0.758074
-0.957042
-0.999909
-0.522200
-0.994267
0.913513
0.998640
0.998543
-0.245716
0.813530
0.960215
0.999518
0.753150
0.996013
0.999984
0.033854
-0.999846
0.987000
0.973366
-0.999999
-0.793173
0.999979
-0.997393
-0.998542
0.998029
0.311961
-0.999415
0.685933
0.255051
-0.046523
0.993337
-0.999965
-0.999364
0.977329
-0.756676
0.999483
-0.982938
0.899674
-0.964288
0.988472
-0.984005
-0.844897
0.999573
0.998322
-0.209518
0.999999
0.999971
-0.804015
-1.000000
-0.999906
-0.981981
0.999691
0.631917
1.000000
-0.967238
0.992852
-0.999740
0.999997
-0.999988
-0.999567
-0.818707
-0.999922
0.999994
-0.997139
0.996164
-0.619544
0.954707
-0.999481
-0.999997
-0.999998
0.999881
0.711909
-0.999059
0.999984
-0.999781
0.999998
-1.000000
0.951254
0.775074
0.990912
-0.999948
0.967212
-0.603630
-1.000000
-0.999999
1.000000
0.952668
0.998808
-0.767269
-0.999907
0.372921
-0.973150
-0.999197
0.998114
0.995004
1.000000
-0.771794
0.978928
-0.537377
0.952442
0.999979
-0.999583
-0.550020
-0.964915
0.448845
0.958555
-0.063748
-0.996591
-0.628841
-0.999998
0.537698
0.915046
0.761099
1.000000
-0.986067
0.999898
0.999999
-0.999999
0.997392
-0.999999
1.000000
-0.796404
-0.999983
0.973827
-0.999999
0.999938
-0.973857
0.999317
-0.999823
0.065805
-0.996629
-0.976206
0.508547
-0.986558
-0.999990
0.992128
-0.250997
-0.967968
1.000000
-1.000000
-0.999996
0.996595
0.999868
-0.999909
-0.999985
-0.999848
0.999998
-0.764655
-0.998377
0.999916
0.999926
0.829647
-0.883669
-0.462308
-0.999909
-0.997727
-0.851906
0.994440
0.989958
-1.000000
0.273067
0.999984
0.404294
-0.832803
-0.999835
-0.997140
0.999382
0.999984
-1.000000
-0.823068
0.944659
-0.695823
-0.993786
0.999994
1.000000
0.686238
-1.000000
-0.995700
0.990626
-0.997883
0.442964
-0.078836
-1.000000
-0.998928
-0.986074
-0.919012
-0.999735
0.999992
0.994384
0.998943
-1.000000
0.999234
-0.982859
-0.995969
0.998553
0.999887
-0.991364
-0.999995
-0.999531
-0.928550
0.999884
0.910508
-0.933233
-0.993876
-0.999955
-0.999890
0.998741
0.960523
0.999235
0.676443
0.862536
-0.522648
-0.999135
-1.000000
0.985316
-0.996129
-0.981837
-0.858524
-0.999687
0.999997
-0.998187
0.999792
0.456548
-0.999945
0.261952
0.968142
0.999399
-0.996069
0.999998
0.955115
0.999853
0.997739
0.951048
-0.136244
-0.983196
-0.998066
0.671976
-0.999396
0.946663
-0.583013
0.999981
0.999982
-0.999996
-0.999999
-0.999742
0.999999
0.997087
-0.997709
1.000000
-0.382398
0.999996
0.999473
-0.999997
-0.380267
-0.973452
-0.999896
-0.990461
-0.962673
-0.997343
0.999039
-0.982963
0.951688
0.999296
0.998852
0.792700
0.433600
-0.995990
0.999973
0.999861
-0.996581
1.000000
0.184228
-0.999956
-1.000000
-0.678738
-0.999996
0.999572
0.999999
0.072124
-0.949075
0.999930
0.998859
-0.999978
-0.997981
-0.999789
0.546401
0.999327
-0.999769
-0.996227
-0.426775
-0.781715
0.999054
-0.915426
-0.999997
0.897261
-0.999999
0.830749
0.806739
0.868499
0.970461
0.997254
0.999999
0.999503
-0.620906
-0.977399
-1.000000
-0.996662
-0.999920
0.994641
0.995417
0.566165
0.041878
-0.998236
0.991338
-0.999802
-0.996201
0.855737
0.999984
1.000000
-0.996807
0.972307
-0.999995
-0.874080
-0.998883
0.993878
-0.999999
-0.965241
0.999790
1.000000
0.994587
-0.985795
-1.000000
-0.999994
-0.997514
0.973694
0.998333
1.000000
-0.895655
-0.984621
-0.996645
-0.999851
-0.999993
0.720732
-0.999879
-0.737018
0.287023
-0.476611
0.999996
-0.997469
0.909454
-0.953224
0.999867
0.999324
-0.996139
0.245359
0.527326
0.948634
0.836543
1.000000
-0.998418
0.986111
0.991071
-0.159211
-0.999763
-0.999880
-0.988885
-0.941244
-0.123914
0.999996
-0.999432
-1.000000
-0.999187
0.999325
-0.999999
0.929798
-0.999909
0.999987
-0.999982
0.999425
0.999454
-1.000000
-0.981969
0.957233
-0.862688
-0.999905
0.999898
1.000000
0.678471
-0.999314
1.000000
1.000000
-0.999991
-0.999828
-0.995845
-0.999813
0.998343
0.999872
-0.999702
-0.999318
0.986748
-1.000000
-0.999589
-0.992438
0.999242
0.998046
1.000000
0.894042
0.964873
0.554642
0.999010
0.993806
0.971312
0.999951
-0.997197
0.907143
-0.999741
0.725036
0.211896
0.988570
0.999999
-1.000000
0.866602
-0.936892
-0.992671
0.999985
0.794642
0.844403
-0.999993
0.999997
1.000000
0.999612
-0.995228
-0.998396
-0.999748
-0.342299
0.997951
-0.069961
1.000000
0.999563
0.874611
-1.000000
-0.545183
1.000000
-0.998083
0.999716
-0.998841
0.999994
-0.999177
0.999383
-0.960694
0.963824
-0.954113
-0.994034
-0.999990
-0.998580
-0.996241
0.999103
0.999920
-0.968822
0.999704
-0.999999
-0.999450
0.964613
0.993122
0.999702
-0.903803
-0.673109
0.930955
-0.999967
-0.999996
0.909755
0.995500
-0.796283
0.659083
-0.997195
0.999990
0.744458
0.999987
-0.934848
-0.996473
0.969759
-0.999964
0.999999
-0.957591
1.000000
-0.641469
0.942603
0.999999
-0.981285
0.316000
-0.999947
-1.000000
-0.987503
-0.999835
0.998560
-0.585528
0.999343
-0.999010
-1.000000
-0.999761
-0.469203
0.999986
0.999263
-0.999944
1.000000
-0.805056
0.978866
0.999995
-0.999961
0.825618
-0.689328
-0.999897
0.998754
0.993556
-0.999982
-0.968581
0.999975
0.999919
0.999997
0.999974
0.184734
-0.663952
0.998753
0.998387
0.999996
0.926376
1.000000
0.807081
-0.999978
-0.989279
-0.998306
-0.999930
0.999965
0.999274
0.529240
-0.999835
0.999998
0.999999
-0.999971
0.998761
-0.999814
0.968483
0.992285
-0.994893
0.212055
-0.521999
-0.987579
-0.996402
-0.978096
-0.999156
0.994491
0.999762
0.999565
-0.886881
-0.823591
1.000000
0.998890
1.000000
0.998544
-0.999397
-0.999943
-0.999997
-0.994358
-0.969105
0.550248
1.000000
-0.230415
-0.999907
-0.995613
0.971026
-0.999047
-0.940475
-0.956560
-0.999306
0.999911
0.933012
0.829112
-0.950165
-0.973092
-0.962096
0.756587
-0.999998
0.982055
-0.948055
0.976465
0.961806
-0.995950
0.994266
-0.999999
-0.999696
0.585819
0.997657
0.912199
0.835110
0.469644
-0.994937
-1.000000
-0.999996
-0.497634
0.924069
-0.852439
-0.472934
0.930578
0.999713
-0.622703
0.999994
-0.439359
0.026669
0.996839
-0.975359
0.330735
0.970384
0.999999
-0.633106
0.158897
-0.991085
0.999888
-0.985373
-0.999998
-0.999307
-0.993019
-0.978170
-0.943260
-0.998870
0.972186
0.999956
-0.999999
0.995952
-0.073192
0.993037
0.999440
-0.999159
1.000000
0.962565
-0.998601
0.999997
-0.999997
0.999108
-0.459524
0.949595
0.996477
0.967970
-0.979874
0.997156
-0.995235
0.819450
0.999966
0.855866
-0.466452
0.983507
0.994627
-0.994579
0.999788
0.269616
0.999986
-0.960160
-0.999997
-0.969027
0.999127
-0.982270
0.994521
0.999987
-0.887630
0.855778
1.000000
0.995066
-0.994444
-0.971842
-0.971823
-0.461141
0.998883
-0.999925
0.676124
0.999692
0.952395
0.995453
0.746151
-0.789644
0.832011
0.999192
0.949696
-0.569960
0.907108
0.984861
0.999550
1.000000
0.999625
0.310303
-0.999967
-0.998081
-0.979078
0.308503
0.689366
0.999806
-0.783155
-0.071596
-0.985097
0.992920
-0.998072
-0.941523
-0.960875
-0.378035
0.999753
-0.936624
0.689428
0.999774
-0.561611
0.998403
0.999401
-0.999999
-0.999917
0.999999
0.999998
-0.867856
-0.908457
-0.999988
-0.999997
-0.991265
-0.993918
0.987525
0.999980
0.649087
0.999254
-0.864771
-0.999971
-0.999881
0.962471
-0.996666
0.999209
0.807183
0.798784
1.000000
-0.928627
0.996759
0.997910
-0.992025
0.997555
0.999644
0.986606
-0.659047
0.999960
-0.383585
0.999744
-0.974533
0.979285
-0.412099
0.417759
-0.999661
-0.996722
0.743291
-0.987771
0.997843
0.999825
-0.988851
-0.999999
-0.970776
0.928443
-0.999900
0.999893
-0.999991
0.999982
0.942108
0.997329
0.997434
-0.999999
-0.999835
0.995546
-0.999961
0.997759
-0.360569
1.000000
-0.145139
-0.963232
0.999963
0.997399
-0.999999
-0.989759
1.000000
-0.828281
0.991107
-0.121008
0.879930
-0.999987
-0.666170
-1.000000
0.940303
-0.999976
0.999643
-0.977767
0.999990
0.865706
-0.999754
0.907011
-0.208531
0.997689
-0.932038
0.866510
-0.999192
0.988045
-0.999736
-0.996112
-0.928062
-0.994665
-0.993945
0.982640
0.996816
0.999854
-0.996410
0.741384
0.979071
0.882826
-0.186256
0.999757
1.000000
0.999984
0.878409
-0.999998
0.998322
-0.998570
0.709377
0.997016
1.000000
0.980982
0.585296
-1.000000
-0.517970
0.998267
-0.934899
-0.832454
-0.999866
1.000000
-0.941025
0.999535
-0.944096
0.998579
-0.999999
0.919093
-1.000000
0.999529
-0.897411
-0.999995
0.999842
0.785897
1.000000
-1.000000
-0.999996
-0.999647
0.933162
-0.998460
0.999962
0.975236
-1.000000
-0.999812
1.000000
0.741687
-0.070636
0.999993
-0.999638
-0.850705
-0.999593
0.996177
0.999996
0.999276
0.993916
0.950510
0.140159
0.804659
0.999986
0.999942
-0.999877
-0.877240
0.999073
0.993842
0.998715
-0.639910
-1.000000
-0.998271
0.259287
-0.969831
0.996601
1.000000
0.999944
-0.999932
0.999996
0.991567
-0.296024
-0.973630
-0.999998
1.000000
0.949453
-1.000000
0.790472
-0.999999
0.947248
0.999569
0.913984
0.973575
-0.999923
-0.999931
0.999492
0.911760
-0.968173
-0.748407
0.999994
-0.291142
-0.999132
0.758340
-0.997528
0.940383
0.996344
0.999997
0.486558
-0.999991
-1.000000
0.999963
-0.999997
0.702090
0.999997
0.778921
0.807602
-0.546879
0.999343
0.999691
-0.999877
-0.807257
-0.659467
0.408622
-1.000000
-0.999999
0.999976
-0.996427
-0.953348
-0.999990
-0.999785
-0.999494
0.970070
-0.998143
0.999494
0.999884
1.000000
-0.983382
0.999999
0.999507
-0.784291
-1.000000
-0.999153
-0.551251
0.936678
0.916253
-0.981940
-0.963790
0.999660
0.999982
0.999850
-0.994254
-0.998909
-0.806650
0.989640
-0.999995
-0.998983
0.991368
0.981047
0.323699
-0.977995
-0.987779
-0.999970
-0.990492
0.994994
-0.995207
0.800129
0.829145
0.964634
-0.999840
-0.539511
-0.992370
0.037216
0.996204
0.990828
0.999782
-0.999995
-0.998477
0.999940
0.997293
-0.999896
0.148275
-0.946911
-0.999951
0.999764
-0.805048
0.574767
-0.973896
-0.830737
-0.998988
0.938863
0.898952
-0.748284
0.997053
-0.869774
0.999787
0.999999
0.644616
0.999993
-0.928847
-0.997996
-0.987274
-0.978868
-0.363353
0.999999
0.999211
0.923049
-0.999968
-0.541232
1.000000
-1.000000
0.988393
-0.999951
0.999998
-0.930025
0.753348
-0.698426
-0.999985
-0.987539
0.333209
-0.795374
-0.797428
-0.999920
0.999973
-0.998666
0.593304
0.810619
-0.999485
0.999941
0.989591
-0.933629
0.783774
0.288500
-0.999997
0.999765
-0.987610
0.962608
-1.000000
-0.253261
-0.997182
0.926640
-0.974196
0.996231
0.999937
-0.981612
-0.999940
-0.700522
0.996985
-0.999997
-0.969233
-0.669388
0.654874
-0.988353
-0.999431
-0.955687
-0.986946
-0.999962
-0.318319
-0.744313
0.986695
-0.782645
-0.839063
0.688778
0.998019
0.832455
0.993868
0.999453
0.999754
-0.981325
-1.000000
-0.982954
0.868327
-0.999826
0.258505
0.469860
0.801515
-0.998127
-0.999691
0.998194
0.999958
0.994097
0.951245
0.996499
0.967457
-0.999852
-0.595177
0.989019
-0.280960
0.964249
-0.997500
-0.999988
-0.991760
0.999754
-0.999940
0.999716
0.282121
0.999607
-0.999850
-0.441048
-0.955503
0.998827
-0.973669
0.131778
0.996286
-1.000000
-0.999940
0.999996
0.999702
-0.990199
0.288974
-0.966624
-0.999773
-0.998595
-0.746173
-0.916846
0.951944
0.967389
-0.994895
0.226112
0.999883
-0.931873
0.998349
0.200318
0.381723
0.999406
-0.983237
0.999308
-0.994764
-0.999883
0.844737
-0.101834
-0.956366
1.000000
0.942575
0.951397
-0.999664
-0.959757
0.991535
-0.985018
-0.734689
-0.999835
0.999994
-0.584496
0.675044
0.999022
-0.999994
0.051645
-0.898642
-0.999988
0.891362
0.805990
-0.901163
-0.999715
-0.377160
-0.999829
-0.999987
0.998473
0.879659
-0.999870
-0.996041
0.949444
0.303756
-0.892276
0.996388
0.999677
-1.000000
-0.941655
0.999721
-0.999689
0.409893
0.999605
0.996626
-0.999999
-0.999932
0.997798
-0.999960
-0.996624
-0.993819
-0.933496
0.932857
0.176441
-0.998507
0.936886
-0.974288
0.405607
-0.958463
0.999955
0.999391
0.760511
0.957590
0.999956
-0.842230
0.993789
-0.878066
0.999999
0.985545
-0.930156
-0.999999
-0.998257
-0.411712
-0.989780
-0.639222
-0.854424
0.505379
-0.743486
0.999157
0.999896
-0.997220
-0.572651
-0.873765
-0.993966
0.991755
0.972361
0.917754
-0.999793
0.869457
-0.947157
0.998388
-0.999997
0.999847
0.996546
0.987577
0.996962
-0.999215
-0.949107
-0.999999
-0.999905
0.993343
0.944372
-0.999931
-0.757480
0.653398
-0.997708
-0.998991
-0.996083
0.996659
0.993569
0.936024
0.854273
-0.684883
-1.000000
0.601625
0.999651
-0.200721
0.990634
0.437192
0.306091
0.994633
-0.796081
0.999998
-0.931892
0.998669
-0.999999
0.999717
0.964071
-0.999133
-0.856216
-0.999788
-0.999953
-0.982039
0.999530
0.999855
0.995916
-0.999999
0.781450
0.161533
-0.995096
0.869396
-0.999998
1.000000
0.666171
-0.996573
0.976367
-0.999999
0.999926
0.721477
0.274508
-0.551171
0.999752
-0.999974
-0.952986
-0.867817
-0.982708
-0.994970
0.999622
0.992812
0.992870
-0.999082
-0.999897
0.999948
-0.998939
0.999993
-0.999987
-1.000000
-0.999984
0.999997
0.988817
-0.925859
1.000000
0.976569
-0.983497
-0.999826
0.999962
0.977642
0.990358
-0.999310
-0.986789
0.999684
-0.999851
0.764223
0.999883
-0.773785
0.999971
-0.999948
0.654365
0.973035
0.685733
-0.533074
0.201336
0.900679
-0.999983
0.671893
0.999989
0.999208
-0.997989
-0.991346
-0.986693
-0.695378
-0.984904
-0.998990
-0.999956
0.977717
0.854775
0.975159
0.999349
0.922381
0.766005
0.930450
-0.996481
-0.953871
-0.310499
0.803822
-0.905558
-0.950250
-0.942483
0.442845
-0.999995
0.896474
-0.969224
0.983582
0.967901
-0.979129
0.992754
-0.999986
-0.999765
0.838592
0.997567
0.965669
0.999069
0.073546
-0.731732
-0.999971
-0.999999
0.483685
0.917795
-0.998994
0.969352
0.763796
0.999807
-0.997804
0.999999
-0.998492
-0.154596
0.973918
-0.994942
0.266967
0.996833
0.999990
-0.787798
0.061785
-0.998174
0.983034
-0.992330
-0.999808
-0.999781
-0.998453
-0.756318
-0.585633
-0.999827
0.972550
0.998463
-0.999998
0.981017
0.406495
0.976831
0.943365
-0.801694
0.999999
-0.659000
-0.993227
0.999988
-0.999993
0.997544
-0.971743
0.758405
0.992449
0.974539
-0.915893
0.989134
-0.999821
0.921627
0.999879
0.987131
0.281888
0.950626
0.945581
-0.996286
0.993678
0.254622
0.999991
-0.977706
-0.999988
-0.727206
0.999539
-0.680179
0.997025
0.999159
-0.723043
0.766099
0.999999
0.996284
-0.986585
-0.814520
0.984989
-0.938162
0.999794
-0.996974
-0.680554
0.971763
0.988781
0.988866
0.936131
-0.769149
0.880775
0.999260
0.979558
-0.971482
0.816526
0.808213
0.998578
0.999999
0.994118
-0.649625
-0.999999
-0.998320
-0.924416
-0.104219
0.468482
0.999901
-0.964407
0.563856
-0.993978
0.992730
-0.999476
0.303554
-0.948838
0.187315
0.999228
-0.895009
0.712591
-0.926152
0.983933
-0.999216
0.999985
-1.000000
0.999573
0.999991
0.998279
0.866407
-1.000000
-0.994983
-0.999999
-0.999968
0.999324
0.374643
-0.999821
0.999338
-0.997189
-0.997626
-0.999987
-0.999964
0.988804
0.999816
0.996028
-0.999373
0.763138
-0.999294
0.328947
0.999182
0.964058
-0.974447
-0.033436
0.999982
0.475082
0.965949
0.999999
-0.881171
-0.958993
-1.000000
0.757591
0.763005
-0.880727
-1.000000
-0.997825
0.982977
-0.716095
0.935382
1.000000
0.940882
-0.999998
-0.999290
0.999481
-0.977968
-0.999247
-0.996275
0.999996
0.369751
-0.999720
0.999170
-1.000000
0.950419
0.999671
-0.987254
0.629005
-0.992987
-0.991893
-0.916263
0.896277
0.999880
0.999197
0.999755
0.999999
-0.252223
-0.990369
-0.999739
-0.257696
-0.999135
0.999974
0.992883
-0.999933
-0.999999
0.988915
0.999996
-0.998446
0.998228
0.914859
-0.434227
-0.999993
0.999529
0.999976
-0.958788
0.669700
-0.999486
0.894648
-1.000000
-0.999962
0.543969
0.994997
0.966872
-0.997092
0.927269
0.997778
-0.993553
-0.989668
0.803976
0.999985
0.999997
0.997666
0.999989
0.999987
0.996531
-0.999999
-0.856325
-0.999471
-0.998775
-0.998165
-0.969032
-0.991076
0.979215
-0.825223
0.997103
0.301912
-0.999770
-0.993457
-0.999231
-0.999818
0.453902
-0.494780
-0.992578
-0.999882
0.997969
-0.997841
-0.999996
0.999531
-0.999350
0.999839
0.773964
-0.999316
-0.999725
-0.999972
-0.952097
-0.998826
0.999453
-0.999978
-0.666563
0.176370
-0.999387
-0.999985
-1.000000
-0.913282
0.998331
0.871502
0.988272
0.998753
0.975468
-0.999988
0.999137
0.961304
-0.980138
0.640861
-0.985557
0.995810
0.975304
1.000000
-0.102389
0.977360
-0.998882
0.999247
0.912534
-0.999988
-0.343813
-0.999460
0.520892
-0.262151
0.985765
0.973608
0.999990
-0.999992
-0.999682
-0.999957
0.970851
0.999813
-0.999831
0.999997
0.998063
0.999499
0.995084
-0.999983
0.998205
0.980509
0.999989
-0.837875
-0.999793
-1.000000
0.556344
-0.678023
-0.418363
0.997484
-0.998916
-0.947868
-0.947236
0.798787
0.999168
0.998939
-0.999985
0.999999
-0.224249
-0.999999
-0.999984
0.970667
-0.967396
-0.999878
1.000000
-0.668395
-0.999887
0.999751
0.999805
-0.999780
0.958791
0.639659
0.995903
0.995252
-1.000000
-0.990319
0.951253
-0.999803
0.999887
-0.999568
-0.984852
-0.992865
0.987181
-0.974217
-0.996020
0.999983
0.943743
0.997817
0.999998
0.408383
-0.995339
-0.999943
-0.999852
-0.718366
-0.996989
0.851305
0.873052
-0.995318
-0.919416
0.976083
0.735933
-0.999998
-0.914077
0.955231
0.999869
0.999625
0.964965
0.981779
-0.995907
-0.995049
-0.993525
0.999943
-0.999999
0.999760
-0.992851
0.981670
-0.999235
0.147294
0.987043
-0.999987
-0.988866
-0.997642
0.997860
-0.638430
0.868437
-0.982343
-0.999967
-0.999993
-0.999988
-0.962511
0.999880
0.999964
-0.992749
0.700676
0.968393
-0.543375
0.999487
0.996484
-0.999943
0.977346
-0.906884
0.994290
-0.999996
0.999999
-0.853615
-0.984221
-0.736392
0.971460
-0.783717
-0.999640
-0.980487
-0.762824
-0.998051
-0.661321
0.927296
0.997162
0.881443
-0.999999
-0.690085
-0.995867
-0.100308
-0.396639
-0.999971
1.000000
0.999829
0.436566
0.999671
-0.999958
0.999954
0.712501
0.821634
0.998481
0.402759
-0.996239
0.999928
0.999608
0.753819
0.996663
0.989790
-0.999996
-0.980891
0.985841
-0.844392
0.990647
0.771885
0.999981
-0.990828
-0.999956
-0.999371
-0.962379
-0.999823
0.999496
0.999991
-0.989990
0.930820
0.987921
0.997984
-0.990866
-0.976837
-0.828333
0.995721
0.993122
-0.999650
-0.909927
0.999346
0.680126
0.984836
-0.566897
-0.967011
-0.903694
-0.158140
-0.157744
-0.206829
0.944625
0.999979
0.378601
1.000000
0.999460
-0.999067
-0.999412
-0.999931
-0.998177
-0.994693
0.977673
0.981286
-0.698302
-0.363284
0.999222
0.990311
-0.634137
-0.995530
0.126238
-0.803853
0.953611
-0.980390
0.545008
-0.957507
0.918710
-0.999887
-0.919348
-0.999998
-0.873742
-0.607722
0.956971
0.890218
-0.459117
0.999999
-0.999914
-0.999880
0.638457
0.711828
0.970956
0.263498
-0.969528
0.984624
-0.999964
-0.999460
0.790910
0.958778
0.996802
-0.731506
-0.965966
0.999523
0.992610
0.995492
0.969051
-0.999806
0.993745
0.991635
0.999995
0.082010
0.999999
0.999886
-0.877733
0.999994
0.999971
0.991620
-0.985305
-0.999292
-0.995161
0.958584
0.990191
0.998289
0.965188
0.999956
-0.999993
-0.992571
0.998630
0.999944
0.918061
-0.999992
1.000000
0.996268
0.780588
0.999343
-0.999989
-0.998745
0.986684
0.951942
-0.348286
-0.948236
-0.999199
0.197076
0.999988
0.927784
0.999569
0.999982
-0.015193
0.384983
0.689376
0.970202
0.999944
0.994079
1.000000
0.999821
-0.999999
-1.000000
-0.822245
-0.999381
-0.856424
0.999754
0.237871
-0.981604
0.999017
0.999786
-0.993924
-0.932023
-0.335563
0.939105
0.999978
-0.999887
-0.999582
0.991925
-0.225249
-0.974585
-0.981639
-0.998836
0.939832
-0.577162
-0.998358
-0.954171
0.999990
0.999909
0.999712
0.999994
0.999972
-0.691138
-0.999999
-1.000000
-0.379539
0.135020
0.999892
0.999757
-0.997995
-0.576171
0.300035
0.931743
-0.999753
0.841775
-0.920185
0.963329
0.998486
-0.942349
-0.958758
0.999767
-0.094383
-0.992471
-0.996441
-1.000000
-0.773383
0.999787
-0.982162
0.999502
-0.998171
0.999878
-0.999999
0.203876
0.975308
-0.995471
-0.999633
0.999888
-0.977592
-0.998428
-0.999896
0.999996
-0.997003
0.443072
-0.996723
-0.284397
0.997783
-0.996343
-0.999999
0.999148
0.847085
0.978180
-0.997053
0.928835
-0.212059
0.996064
0.999575
-0.945010
0.999821
0.999841
0.678413
0.924588
0.930762
-0.999878
0.996881
-0.962978
-0.999999
0.968940
0.993942
0.960436
-0.999999
0.988780
0.994894
-0.999595
0.999998
-0.999998
0.999993
-0.978663
-0.887972
-0.999996
-0.999998
-0.996166
-0.999988
0.997303
-0.999981
-0.999997
0.860382
0.983443
-0.985381
0.926446
-0.999915
1.000000
-0.423768
0.806851
0.674699
-0.972714
0.046602
0.994587
0.960157
-0.999992
-1.000000
-0.980736
0.977918
-0.991819
-0.840006
0.999997
-0.967529
-0.644974
-0.998958
-0.978599
-0.977436
-0.162859
-0.999942
0.985423
0.987028
-1.000000
-1.000000
-0.954413
-0.994289
-0.993718
0.971379
-0.909325
0.507805
-0.719533
-0.999997
-0.997678
0.469367
0.689205
-0.862224
0.999997
0.999999
0.075555
-0.999999
-0.723399
0.999991
-0.988006
0.968447
-0.878767
-0.999958
0.977008
-0.999965
0.999279
0.397428
0.999957
0.994733
0.999906
-0.991562
-0.820026
-0.746828
0.779905
0.537180
0.958009
0.984543
-0.999923
-0.999973
0.586034
-0.927301
0.999988
-0.987646
0.873428
-0.999998
-0.733388
0.774479
-0.998717
0.999451
0.233930
0.895515
-1.000000
-1.000000
0.998297
-0.999998
0.999999
0.832557
-0.684940
0.998440
0.399255
-0.783304
-0.316779
0.999175
0.999997
0.311775
0.904148
-1.000000
0.999498
0.802091
0.995970
0.999859
0.997022
-0.932061
0.999781
-0.999995
-0.999470
0.989107
-0.999965
-0.999994
0.405102
0.631450
0.994575
-1.000000
0.999768
-0.999925
-0.999999
1.000000
-0.999999
0.999924
-0.140734
-0.999722
-0.808625
-0.999991
-0.999949
-0.999841
0.032187
-0.970738
0.806915
0.998643
-0.930810
0.168152
0.785918
0.729509
0.999980
-0.999810
-0.996329
-0.406551
-0.998862
0.739722
-0.999561
0.876503
-0.980098
-0.999932
-0.998875
-0.633568
-0.999912
-0.533012
0.999719
-0.999994
-0.391605
0.997396
0.207993
-0.999946
0.999995
-0.932233
0.999509
0.566226
-0.999999
-0.749341
-0.999261
-0.793594
-0.998458
-0.997815
-0.931472
0.665452
0.474439
-0.968005
-0.006480
-0.872545
0.998301
0.999295
0.999811
0.999972
-0.999950
-0.999980
0.999993
-0.999932
-0.305540
-0.795486
0.999948
-0.999913
-0.623555
-0.999995
0.862653
0.999868
0.212065
-0.036375
0.998967
0.999759
-0.866501
0.993248
-0.977633
-0.983964
-0.999380
-0.994835
-0.999997
-0.994160
0.992984
0.988744
0.895346
-0.648665
0.999998
-0.999880
-0.995189
-0.890562
0.592961
0.995249
0.980471
-0.975344
-0.942276
-0.999992
-0.999470
0.934944
-0.968984
-0.999544
-0.992593
0.923232
0.999966
-0.978634
0.740013
0.999836
-1.000000
0.433360
0.996604
0.999884
0.976593
0.999962
0.990324
-0.996832
0.999934
0.991537
0.950877
-0.995472
-0.999975
0.949641
0.795862
0.988943
0.883567
0.956599
0.998626
-0.999989
-0.978528
0.995449
0.999894
-0.791552
-0.996105
1.000000
0.981050
0.999996
0.999848
-0.999927
-0.999576
0.896945
0.908206
-0.994333
-0.952940
0.988622
0.796701
0.221094
-0.879305
0.998650
0.999960
-0.967624
0.776843
-0.991392
0.999969
0.995874
0.984343
0.999785
0.999754
-0.999937
-1.000000
-0.999839
-0.999856
-0.996500
0.995584
0.842450
-0.999188
0.999918
0.999649
-0.986191
-0.925859
-0.454299
0.996939
0.999782
-0.998090
-0.998275
-0.949730
0.625237
-0.998592
0.985426
-0.999981
-0.988163
-0.997320
-0.998573
-0.999219
0.999889
0.999987
0.993196
0.999982
0.999842
0.924436
-1.000000
-0.999998
-0.581904
-0.867377
0.999978
0.999997
-0.999871
0.924442
-0.994908
0.955976
-0.999997
-0.823552
-0.880593
0.976691
0.999981
-0.933252
-0.997004
0.998253
-0.959920
-0.746495
0.125955
-0.999997
-0.999549
0.999011
0.999997
0.999758
-0.925505
-0.994492
-0.999998
-0.581952
0.997652
-0.828756
0.999999
-0.999900
0.865196
0.999031
-0.999997
-0.989676
-0.797531
-0.997837
0.998033
-0.956508
0.946327
0.989675
0.834015
0.981781
0.999053
-0.463127
0.907459
0.965838
-0.900163
0.998639
0.999808
0.972061
0.999903
-0.995410
0.933878
-0.977016
-0.997611
-0.818695
-0.909715
-0.320822
0.988851
0.999866
0.999922
-0.994386
-0.998950
0.921427
0.344873
-0.854923
0.999983
-0.999999
0.999999
0.986982
0.184875
0.997112
-0.999997
-0.999974
0.988519
0.999673
0.878046
-0.959988
0.999921
-0.002444
-0.298157
0.943177
0.999849
-0.980989
-0.821169
0.929743
-0.412770
0.998691
0.965854
0.453483
-0.997153
0.968337
-0.999999
-0.775372
-0.970624
0.999308
-0.969304
0.992372
0.984906
-0.635696
0.999174
0.985641
0.971961
0.565024
-0.998625
-0.967501
0.992592
-0.999995
-0.866015
0.999970
-0.293200
-0.980110
0.993061
-0.976725
-0.398529
-0.307843
-0.998176
0.509928
0.995346
0.843906
0.997233
0.999972
0.999900
0.999275
-0.999679
-0.999173
-0.430413
0.066261
0.998932
0.999985
-0.991978
0.999511
-0.999996
-0.955864
0.777011
-0.733512
-0.981821
-0.990909
0.992528
-0.371600
0.994393
-0.783383
0.999381
-0.991803
-1.000000
-0.999999
0.999997
-0.995957
-0.998874
0.983911
-0.989925
0.999777
-0.999999
-0.078648
0.999790
0.999978
-0.998217
0.999999
-0.698883
-0.999999
-0.999969
1.000000
0.875738
0.996785
0.999900
-0.996444
-0.524721
-0.999467
-0.997680
1.000000
0.999707
0.011597
-0.999930
-0.981930
0.998441
0.998966
0.999990
-0.999995
-0.998269
0.915214
0.903831
-0.997544
-0.750082
-0.999997
-0.087288
-0.995553
-0.999987
0.996688
0.999918
0.997694
0.999938
0.999180
0.999999
-0.999999
0.641330
-0.999785
1.000000
-0.708693
-0.998831
0.965577
-0.999994
0.999731
0.973113
0.999078
-0.999915
0.265263
-0.999977
-0.974867
0.989787
-0.999956
-0.999999
0.999944
-0.135030
-0.508651
1.000000
-0.999766
-0.999989
0.858197
0.999878
-0.992578
-0.999992
-0.999999
0.999982
-0.425304
-0.993865
0.999904
0.999995
0.316075
-0.999416
-0.254042
-0.998398
-0.806763
-0.943093
-0.422892
0.999118
-1.000000
-0.999720
0.952423
0.994624
-0.285173
-0.999803
-0.358794
0.918175
0.941983
-0.999994
0.350570
0.991441
0.989540
-0.999774
1.000000
0.999996
0.989015
-1.000000
-0.858877
-0.281129
-0.988304
0.999669
-0.999969
-0.972596
-0.970547
0.997649
-0.608473
-0.994001
0.999837
0.991646
0.997057
-1.000000
0.997564
-0.366095
0.856529
0.999745
-0.210517
-0.993071
-0.999999
-0.992054
-0.781821
0.996165
-0.889378
-0.988696
-0.840456
-0.999998
-0.912433
0.813322
0.961922
0.998569
1.000000
-0.998620
-0.985484
-0.999993
0.999969
0.983392
-0.952229
0.999683
0.959489
0.993626
0.999931
-0.992714
0.997603
0.999884
-0.970744
-0.887860
-0.938432
0.996891
0.984517
0.999995
-0.997587
-0.999934
0.959971
0.596369
-0.989116
-0.999945
-0.999946
-0.979763
-0.758243
-0.945327
0.723575
0.998862
-0.999999
0.989688
-0.775491
0.999777
-1.000000
0.996780
-0.997129
0.999999
0.972068
0.206588
0.791667
-0.999983
-0.999745
0.999810
0.125509
0.948076
-0.998080
0.999963
-0.970460
0.999994
-0.968979
0.509891
0.999350
-0.982107
-0.135457
0.999741
0.730595
-0.953322
0.982758
-0.999992
0.800637
-0.999873
0.996994
-1.000000
0.999457
-1.000000
0.999068
0.303384
-0.999238
-0.950873
-0.937395
0.060612
0.983695
-0.998010
0.971295
0.470793
-0.999993
-0.999873
0.988312
0.836457
-0.996476
0.999648
0.577164
0.662166
-0.966768
-0.999704
0.745266
0.999981
0.999918
-0.999866
0.999999
0.999918
0.942448
-1.000000
0.989244
-0.999982
-0.924113
0.994961
0.999998
-0.949494
0.852296
-0.976014
0.992164
0.958849
0.741464
-0.999185
-0.999142
-0.464309
-0.999680
0.976740
-0.992839
0.970939
-0.999555
-0.999788
-0.999990
-0.996689
-0.349953
0.999602
0.999754
-0.868693
0.999773
-0.999989
-0.991381
-0.978139
-0.679435
0.996754
0.973064
-0.992254
-0.910764
-0.999980
-0.998898
0.869617
0.142020
0.905915
-0.989127
-0.306300
0.999078
0.984530
0.860136
0.997918
-0.999997
0.739291
-0.185594
0.999976
0.602826
0.999994
-0.019255
0.895985
0.999995
0.999373
0.995080
-0.999905
-0.999928
-0.985681
0.939401
-0.242967
0.999968
-0.468081
0.999695
-0.999999
-0.993392
0.999657
0.999816
0.821567
-0.999983
1.000000
0.961311
0.999971
0.983137
-0.999982
-0.991892
0.907075
0.136677
-0.890159
0.315870
-0.980187
-0.620941
0.937795
0.993284
0.999424
0.981805
-0.840398
0.131088
-0.793236
0.999840
0.999466
0.997584
0.999976
0.966403
-0.999990
-0.999999
-0.996135
-0.996050
-0.997954
0.999999
-0.087812
-0.999359
0.999820
0.999329
-0.988522
-0.936405
-0.988851
0.996891
0.999999
-0.999982
-0.958637
0.035704
0.825986
-0.995233
-0.936601
-0.999512
0.972269
-0.980843
-0.924432
-0.971714
0.999976
0.999885
0.990395
0.999997
0.999568
-0.988588
-0.999979
-0.999999
0.613580
0.533242
0.999771
0.999991
-0.999868
0.062027
0.320390
0.787635
-0.999409
-0.701824
0.000899
0.994015
0.999126
0.947277
-0.993464
-0.669288
0.961534
-0.993210
-0.960062
-0.999965
0.998572
-0.966121
0.255527
0.604725
0.990761
-0.748415
-0.998329
-0.999593
-0.992401
0.993036
0.830148
0.998534
-0.998019
-0.964875
-0.991542
0.966234
-0.177222
-0.800683
0.870625
0.982186
0.980859
0.425307
-0.981264
0.922442
-0.884426
-0.991912
0.998406
-0.999546
1.000000
-0.999811
0.999991
-0.997159
-0.972556
0.998810
-0.430629
0.325223
-0.871049
-0.980411
0.396653
-0.534565
0.999514
0.983384
0.994100
-0.998963
-0.992179
-0.994011
-0.854652
-0.893967
-0.954879
-0.851616
0.999990
-0.957772
0.520806
0.994661
-0.999186
0.208651
-0.684357
0.341789
-0.007937
0.321840
0.885751
0.946644
-0.800792
0.975712
0.996920
0.927074
-0.999906
-0.999998
0.999999
0.985906
0.882139
-0.906976
-0.999863
-0.999886
-0.999719
0.994267
-0.991190
-0.966696
-0.915937
0.999747
-0.999324
-0.911798
0.987333
-0.941498
0.992567
0.990568
-0.489986
0.998386
0.899929
0.244716
-0.092008
0.977912
-0.755872
-0.980992
-0.443107
-0.685976
-0.986748
-0.728970
0.999329
0.435190
0.998982
0.987710
-0.999658
0.999852
0.997986
-0.991081
-0.999616
-0.935634
-0.995978
0.790060
-0.582594
0.404145
0.877143
-0.999837
0.998245
0.979767
0.998958
0.797504
0.994334
0.777876
-0.995888
-0.998960
-0.999194
-0.526623
-0.999775
0.999529
-0.999367
-0.999986
0.966075
-0.999892
0.999954
0.982548
-0.991147
-0.999927
-0.999961
-0.967380
-0.998858
0.997185
-0.999684
-0.543124
0.448470
-0.999997
-0.999960
-0.999998
0.577139
0.575018
0.997038
0.917590
0.999485
0.999280
-0.999985
0.997453
0.858002
-0.464636
-0.839970
-0.957051
0.895796
0.042678
1.000000
-0.032396
0.916434
-0.999989
0.820582
-0.274016
-0.999940
-0.167482
-0.998830
0.994659
0.907136
0.994479
0.996700
0.999932
-0.999946
-0.999963
-0.999948
0.996916
0.922752
-0.999988
0.999999
0.997717
0.999610
0.998014
-0.999993
0.997863
0.925723
0.999917
-0.966565
-0.986939
-0.999997
-0.868425
0.965768
-0.537313
0.998741
-0.998641
-0.993706
-0.987121
0.999478
0.995797
0.129156
-0.999944
0.999953
0.942080
-0.999997
-0.999996
0.845292
-0.967337
-0.999866
1.000000
-0.847970
-0.999884
0.999663
0.999957
-0.999498
0.948113
0.966596
0.997865
0.999350
-1.000000
-0.861556
0.999978
-0.999276
0.999356
-0.999724
-0.736112
-0.989426
0.977801
-0.813778
0.896472
0.999994
0.810187
0.996047
0.999992
-0.544228
-0.237521
-0.999989
-0.999475
-0.979605
-0.993966
0.984428
0.997378
-0.998520
-0.897316
0.983523
0.927026
-0.999998
-0.931446
0.925150
0.999138
0.999903
0.942597
0.996873
0.954960
-0.923523
-0.988642
0.957636
-0.999947
-0.924047
-0.994429
-0.999825
0.934511
0.148506
0.999046
-0.999998
-0.995526
0.998396
0.988361
-0.744029
0.997973
0.999878
-0.981433
-0.999094
0.998663
-0.635679
0.916588
0.741600
0.999999
0.998023
-0.976035
0.999688
0.952562
-0.436508
-0.964399
0.119923
-0.667534
0.888837
-0.950654
0.999999
-0.998564
-0.992520
-0.248818
0.542049
-0.988003
-0.997315
-0.999999
-0.872277
0.430229
0.789396
0.994100
0.998973
-0.999976
-0.986958
0.832033
-0.990519
-0.953273
-0.999725
-0.895531
0.999985
0.980815
-0.852834
-0.998141
-0.999964
-0.999974
0.982653
-0.298867
-0.931577
-0.023532
-0.951810
-0.993320
0.886978
-0.998940
0.893555
0.999901
0.202751
-0.999668
0.994402
0.364880
-0.009924
-0.999841
-0.856150
0.706675
-0.999665
0.995584
-0.999977
-0.476784
0.944529
0.375513
-0.999882
-0.998544
-0.991412
0.999808
0.997830
0.999937
0.440824
0.999992
-0.998496
-0.750754
-0.999569
-0.424792
0.125757
-0.882668
-0.993594
-0.988371
-0.999940
-0.322885
0.999490
0.906132
0.999693
0.999982
-0.999902
0.999980
-0.430560
-0.806335
-0.999495
0.999995
-0.997215
-0.991910
0.741264
-0.996300
-0.210555
-0.991975
0.990890
0.569247
0.999892
-0.631403
-0.993025
-0.364050
0.774104
-0.997852
0.854477
0.999344
-0.339955
-0.999995
-0.999971
-1.000000
-0.999469
0.981877
-0.998608
0.999964
0.717462
0.999951
-0.999997
0.945803
-0.999996
0.995372
0.999031
0.089341
0.997961
-1.000000
-0.999999
1.000000
0.451915
-0.999734
-0.989575
0.926959
0.869216
0.970225
-0.640484
0.952645
0.992662
0.998877
0.999974
0.970312
0.994425
-0.667919
0.998816
-0.994634
-0.318667
0.999526
0.612124
0.999861
0.999727
-0.999998
-0.890595
-0.999985
0.813644
0.996579
0.999994
0.996768
-0.999998
0.993192
0.999998
-0.999942
0.999880
-0.999997
1.000000
-0.972577
-0.997716
0.977439
-1.000000
-0.999903
0.991553
-0.815379
-0.162299
-0.999511
0.993559
-0.876046
-0.999952
-0.971098
0.669712
0.893031
-0.992184
-0.999819
1.000000
0.993839
-0.999997
0.959074
-0.995388
-0.695274
-0.999999
0.970254
-0.891091
-0.968962
-0.903103
0.999948
-0.999740
-0.999722
0.874755
0.999033
0.857874
-0.969334
-0.411554
0.999774
0.979468
-0.998208
-0.991135
0.877452
-0.805668
-0.999584
-0.979848
0.561775
-0.829227
0.907274
-0.973663
-0.558318
0.996857
0.972634
-0.971913
0.999999
0.999997
-0.936104
-1.000000
0.246367
-0.992521
0.445185
0.997007
0.993465
0.910647
-0.981713
-0.912315
0.940029
0.973673
-0.935852
-0.693912
-0.929835
0.980854
-0.999485
-0.997033
-0.259275
0.998533
-0.999767
-0.686150
-1.000000
1.000000
0.996121
-0.998137
-0.266522
-0.995557
0.984202
-1.000000
0.722125
-0.150381
-0.794978
-0.999906
1.000000
-0.996035
-0.999987
-0.999913
1.000000
-0.999997
0.976915
0.999997
-0.983872
0.969326
0.971936
-0.998276
0.990417
0.989888
-0.999716
-0.999987
-0.062744
1.000000
0.999991
0.999979
-0.999975
-0.999474
0.934147
0.907525
-0.999829
-0.970241
-0.996674
0.999990
-0.993012
-0.999206
0.928006
0.999482
0.997628
0.999970
0.980353
0.901412
-1.000000
-0.486629
-0.999490
1.000000
-0.998226
0.983945
0.933260
-0.999979
-0.373417
-0.806685
0.999052
-0.479615
-0.539723
0.990540
0.011000
0.999349
0.510108
-0.999631
0.931479
-0.953724
-0.910824
1.000000
0.927327
-0.662980
0.999670
-0.995147
-0.999970
-0.999996
-0.983315
0.999975
0.999675
-0.923881
0.999937
-0.996058
0.969835
-0.999532
-0.804174
0.996455
-0.924301
-0.981961
0.975640
-0.671701
-1.000000
-0.993113
0.992011
0.554570
0.519069
-0.926090
0.998306
0.915597
-0.855791
-0.999962
0.999126
0.999962
0.976958
-0.900821
1.000000
1.000000
0.998234
-1.000000
-0.998344
-0.999921
0.600963
0.991532
-0.843032
-0.988690
-0.334033
0.948855
0.999699
-0.999534
-0.833554
0.999998
0.978272
-0.999995
0.426198
-0.836387
0.657371
-0.060978
-0.984768
0.998519
-0.999991
0.237320
0.661581
-0.999975
0.517584
-0.949786
0.993012
-0.999989
-0.999440
-0.997588
0.995936
0.792134
0.997972
-0.949064
-0.999716
-0.999985
0.983275
0.907759
0.763180
0.999302
-0.972802
0.167996
-0.999778
0.997682
0.981458
0.999553
-0.817290
0.999824
0.999445
0.996916
0.999942
0.999766
-0.540461
-0.423906
0.913871
0.999208
0.991475
-0.999188
-0.999975
-0.979744
0.978033
-0.487102
0.998430
0.996952
0.803011
-0.999926
0.999611
0.928421
-0.991813
0.994016
-0.999989
1.000000
0.999453
-0.999999
0.937252
-0.999983
-0.992308
0.999931
-0.987882
0.999985
-0.999710
-0.883439
-0.908383
0.989806
-0.020744
-0.867406
0.465146
0.096096
-0.966441
-0.380139
-0.764379
0.998497
-0.934563
0.864940
0.999997
-0.999996
-0.973181
0.933208
-0.933312
0.993202
0.999907
-0.155065
-0.843330
-0.964138
0.999065
0.904534
-0.952816
-0.931621
0.888202
0.973685
-0.999996
-0.999579
0.990414
0.920350
0.341214
-0.985699
0.982397
-0.553741
-0.879274
-0.953405
-0.636972
0.641037
1.000000
-0.984221
0.999976
0.999951
-0.973504
-1.000000
0.689641
-0.975209
0.794469
-0.780437
-0.993487
0.886099
0.771363
0.963315
0.917437
0.970070
-0.998647
-0.999956
-0.999355
-0.998655
-0.999978
0.999159
0.427970
-0.941655
-0.959547
-0.854043
-0.999998
0.997881
0.664060
-0.999963
0.999659
0.999782
0.999674
-0.999980
0.273475
-0.999602
-0.968902
-0.997335
0.971301
0.730521
-1.000000
-0.446953
1.000000
-0.657221
-0.058864
0.999994
-0.999877
0.789749
-0.999961
0.438676
-0.007501
0.999976
-0.996644
-0.996612
0.105090
0.852619
0.761572
0.999623
-0.125946
0.998562
0.999941
-0.321441
0.999904
-0.995688
-0.999785
0.885440
-0.459826
-0.999941
1.000000
0.997818
0.627610
-0.998939
0.999989
0.992302
-0.999996
0.998825
-1.000000
1.000000
0.998005
-0.589479
0.625612
-0.999816
0.620636
0.744621
0.531449
0.855248
-0.887920
0.560903
0.999259
0.922026
-0.502475
-0.999934
0.998585
-0.999963
-0.999990
-0.987246
0.999913
0.970584
0.999989
0.999852
-0.995846
-0.999996
-1.000000
-0.641750
-1.000000
0.984804
1.000000
-0.998311
0.320831
-0.999982
0.989650
-0.020664
-0.884958
-0.999950
0.999968
0.138991
-0.999998
-0.999720
0.999862
-0.996852
-0.908107
-0.999991
-0.999503
-0.750769
-0.994360
-0.999997
0.081467
0.967968
0.895594
-0.999571
0.999998
0.992118
-0.987140
-0.999999
-0.943898
-0.960127
-0.792610
0.993312
-0.923250
-0.998846
0.977693
0.426063
0.523960
0.970596
-0.961777
0.998849
-0.984239
-0.996645
0.945548
0.954739
0.999847
-0.880585
-0.991948
-0.904373
-0.999991
-0.999899
0.999992
0.999998
0.998617
-0.999801
-0.997026
-0.998804
-0.993328
0.999248
0.379352
1.000000
0.993868
-0.518118
0.999797
-0.999961
-0.990523
0.653468
-0.997131
0.337336
-0.279995
0.949673
0.999076
-0.995981
0.786184
0.981592
-0.816140
0.998436
-0.837485
0.999830
-0.934302
0.999966
-0.121542
0.999966
-0.999202
0.865545
-0.111076
0.979184
-0.996535
-0.837041
0.869784
0.930306
0.442343
0.998199
-0.998993
-0.999993
-0.972483
0.473447
-0.986210
0.980938
-0.999893
1.000000
0.945870
0.695159
0.999087
-0.999911
-0.999945
0.974492
0.997293
0.363163
-0.028684
0.999995
-0.985372
-0.757934
0.996156
0.999903
-0.998729
-1.000000
0.995629
0.985679
0.991799
0.984041
-0.915368
-0.999969
0.999867
-0.999997
0.993903
-0.988153
0.954765
-0.990987
0.999937
0.954022
-0.946095
0.997524
0.999899
0.995093
-0.983575
0.999499
-0.957555
0.999725
-0.996291
0.354876
0.999860
-0.920655
-0.975120
0.932185
-0.792134
-0.456844
-0.825774
-0.954638
0.956207
-0.460193
-0.407091
0.993825
0.999994
0.999981
-0.945826
-1.000000
-0.997569
-0.974541
0.907679
0.999950
1.000000
-0.939545
0.994370
-1.000000
-0.999159
0.974500
-0.391600
0.290531
-0.997480
0.999369
-0.921752
0.853001
0.977803
-0.990061
0.998813
0.962147
-0.999945
-0.994074
-0.956775
0.950832
-0.018859
-0.947145
-0.054323
-0.999989
-0.998040
-0.994140
-0.748428
0.838235
0.999206
0.998501
-0.954370
-0.998753
-0.999917
0.998962
-0.618580
0.984274
0.866907
-0.996342
0.970991
0.997562
-0.510090
0.980530
0.912760
0.985122
0.962127
-0.920970
0.994679
0.975723
0.719226
0.989268
0.712073
0.999974
0.989650
-0.999954
0.961295
-0.999214
0.996056
0.987422
0.999904
-0.942401
0.998486
-0.999999
-0.656037
-0.955027
0.963229
0.996443
-0.998952
0.999988
0.964735
-0.999074
-0.990279
-0.999906
-0.993095
-0.553966
-0.628838
0.950501
-0.999333
-0.997379
-0.999360
0.940811
-0.821549
0.972559
0.841432
0.995530
0.990247
-0.983179
-0.998622
-0.664722
-0.965709
0.998047
1.000000
-1.000000
0.983200
-0.969528
0.627819
0.989012
0.998532
-0.610099
0.939590
0.881952
-0.993154
-0.979299
-0.888170
-0.998876
0.997452
-0.735849
-0.995596
-0.999465
0.994028
0.498711
0.880153
0.903269
0.944641
0.962171
0.986253
0.367485
-0.990466
-0.970880
0.999802
0.997400
0.999712
0.124636
-0.997833
-0.978079
0.961596
0.984725
-0.962424
-0.984916
-0.946996
0.720428
0.273597
-0.978952
0.999522
-0.778462
0.616670
-0.999978
0.513465
0.999815
-0.992664
0.913328
-0.983076
0.986458
-0.999927
0.968341
-0.999997
0.999141
-0.930066
-0.998993
-0.998833
-0.986157
0.997297
-0.999978
-0.999809
-0.999766
0.687123
-0.436449
0.995842
-0.671076
-0.999987
-0.999973
0.993449
0.719878
0.946815
0.997381
-0.813207
-0.978735
-0.984819
0.609397
0.936599
0.999610
-0.999987
0.999664
0.893054
0.999838
0.998507
0.999970
-0.997681
-0.659114
-0.973039
0.998702
0.965356
-0.394984
-0.999860
-0.754745
0.487519
-0.998738
0.983685
0.994245
0.996211
-1.000000
0.996953
0.999776
-0.997982
-0.999965
-0.999991
0.999990
0.996385
-0.998816
0.992373
-0.999982
0.975655
0.999992
-0.926837
0.998948
-0.926201
-0.999897
-0.938704
0.938010
-0.963561
-0.999949
-0.999992
-0.771516
-0.453954
0.930446
-0.346703
0.754098
-0.723554
0.997138
0.999997
-0.979767
-0.999613
0.999488
-0.998733
0.999949
0.999999
0.976117
0.868775
-0.999937
0.999999
-0.998584
0.828867
0.910388
0.041964
0.611764
-0.999380
-1.000000
0.920223
0.971078
-0.483184
-0.998173
-0.916494
-0.645696
-0.656754
0.999963
-0.999431
0.938706
0.999997
-0.994742
0.999999
0.999977
-0.975095
-0.994579
-0.969234
-0.943386
0.682571
0.992257
-0.999988
0.998760
0.999554
0.999999
0.992300
0.998926
-0.999748
-0.999995
0.413185
-0.849690
-0.999699
0.975283
-0.982411
0.763183
-0.900592
0.587120
-1.000000
0.998045
0.999999
1.000000
0.999538
-0.999992
-0.926637
-1.000000
-0.995141
0.995481
-0.978299
-0.986920
0.999769
0.975776
-0.999915
-0.999990
-0.999865
0.667963
-0.998774
-0.998245
-0.995450
0.835076
0.907264
0.544032
0.008356
0.995784
0.999997
-0.999765
-0.880169
-0.994980
0.997771
0.999978
-0.999485
0.999916
-0.999985
-0.999997
0.988591
-0.846940
-0.999923
-0.999907
-0.987100
0.570075
0.997968
0.881641
0.937282
-1.000000
-0.999215
0.993997
-0.999986
0.968490
-0.999960
1.000000
-0.843794
-0.694514
0.995209
-0.999999
0.989411
-0.999700
0.997833
-0.939920
-0.168891
0.992572
-0.984555
-0.922914
-0.548949
0.999708
-0.916650
-0.999906
0.999938
0.999131
-0.999856
0.755632
0.871041
0.947862
-0.999459
-0.999998
-0.996022
-0.877234
0.999999
-0.999727
0.999678
0.940118
0.999996
-0.996822
0.981097
0.852334
-0.998967
0.341382
0.893743
0.992312
-0.999582
0.110493
0.997744
-0.758955
0.980016
0.999998
-0.999865
0.964369
0.998594
-0.999792
0.970490
-0.953460
0.999904
0.067087
0.999997
0.998773
-0.999990
-0.999992
0.212740
-0.820516
0.980962
-0.936617
0.999630
0.975656
0.999986
-1.000000
0.999940
-0.919994
0.669653
0.991852
-0.999262
0.808784
0.972393
-0.999861
0.999610
-0.712019
0.871159
0.999970
-1.000000
-0.998856
1.000000
0.999993
-0.999813
-0.999602
-0.999946
-0.999988
-0.999314
-0.978238
0.998854
0.999984
0.989971
0.999990
-0.996983
-0.999910
-0.999695
-0.812378
-0.997992
0.999842
-0.865624
-0.971396
0.999999
0.073588
0.827284
0.664912
-0.967116
0.995643
0.996071
-0.974319
-0.996811
0.999463
-0.057736
0.999520
-0.998501
0.116015
0.999587
0.688433
-0.999046
-0.986562
-0.814035
-0.999986
-0.963351
0.996057
-0.977566
-0.999999
-0.990672
0.921962
-0.999999
0.853539
-0.999920
0.999999
0.750361
0.999776
0.999997
-0.999997
-0.997647
-0.434909
-0.999931
0.993026
-0.687561
1.000000
-0.817932
0.980216
0.999552
0.998012
-0.999945
-0.883963
1.000000
-0.999966
0.996406
0.955451
0.457762
-0.999691
-0.805344
-0.999998
0.832770
-0.993607
0.999538
-0.998864
0.999996
-0.594358
-0.994155
0.554765
0.974719
0.999953
0.708112
0.999409
-0.842354
-0.424010
-0.999569
-0.698387
-0.159263
-0.999931
-0.964457
0.998465
0.970596
0.095805
-0.997820
0.567418
0.993657
0.780941
-0.935041
0.999873
0.999996
0.999820
-0.933044
-0.999994
0.999718
-0.999920
0.954001
0.841239
1.000000
0.999955
0.982834
-1.000000
0.999803
0.999311
-0.999764
0.892348
-0.999992
1.000000
-0.644292
0.999655
0.944713
-1.000000
0.993286
0.992206
-0.999994
-0.906438
-0.993244
-0.950086
0.996081
0.760942
0.999960
-0.999948
-0.998414
-0.963801
-0.997781
-0.998278
0.958940
0.732923
-0.999960
-0.956921
0.998975
0.976542
-0.991724
0.832973
-0.999805
-0.999986
-0.014350
-0.889025
0.999935
-0.959038
0.994997
-0.966001
-0.999994
0.064158
0.966991
0.999800
-0.916746
0.999932
0.990686
-0.999977
0.980800
-0.981297
-0.785453
-0.888988
-0.999578
-0.999551
0.999884
-0.528368
0.988193
-1.000000
0.627397
-0.931177
-0.999960
0.999552
-0.999987
1.000000
0.527412
-0.699245
0.836481
-0.999958
0.991436
0.111915
0.964308
0.997380
-0.950528
0.998938
0.997004
0.998638
-0.984092
-0.999998
0.996093
-0.999977
0.018696
0.582157
-0.992899
-0.842396
0.753885
0.388268
-0.938340
-0.999998
-0.928782
-0.999700
-0.999913
-0.933783
0.999986
0.838681
-0.996250
-0.977999
-0.985362
-0.987412
-0.979767
-0.997936
0.971658
0.999972
-0.976102
-0.999748
-0.853394
-0.974907
-0.939048
-0.527589
-0.999381
0.973945
0.998415
-0.980945
-0.909845
-0.941626
0.890896
-0.999959
0.999958
0.971962
-0.974075
-0.999990
-0.983457
0.997291
0.893185
-0.197546
0.715760
-0.951163
-0.941090
-0.981611
0.906600
0.990965
0.999997
0.774022
-0.924029
-0.986391
-0.735602
-0.999725
-0.819869
-0.982783
-0.999810
0.722942
-0.999999
0.999969
0.999976
-0.915894
0.490916
-0.994953
0.999740
-0.999943
0.893155
-0.999405
-0.998073
-0.999994
0.879518
-0.755582
-0.999997
-0.999251
0.999997
-0.999312
-0.178396
0.996594
-0.914602
0.864908
0.628158
-0.998802
0.999804
0.992464
-0.269534
0.999545
-0.258088
1.000000
0.311964
0.999288
-0.997914
0.999992
0.997797
1.000000
0.994117
-0.910854
-0.537151
-0.999300
-0.999999
-0.999991
0.996079
0.987860
0.999996
-0.999975
0.999042
0.988393
-0.999959
0.999999
-1.000000
0.999999
0.629713
-0.985939
0.418306
-0.999932
-0.390271
0.996523
0.987449
0.992961
-0.999999
-0.997922
0.999622
-0.966161
-0.847656
-0.999490
-0.733863
0.221177
-0.003939
0.979212
0.999186
0.998101
0.999819
0.999195
-1.000000
-1.000000
-0.999796
0.998192
-0.974803
0.999490
1.000000
-0.998755
-0.916351
-0.999992
0.954209
0.979201
0.961660
-1.000000
0.999858
0.999989
-1.000000
-0.765250
0.999941
-0.999881
0.999600
-1.000000
0.631313
0.964651
0.975430
-0.999982
-0.999880
0.997741
-0.999994
0.994691
0.999968
1.000000
-0.952179
-0.999954
-0.999591
0.996255
0.793975
-0.913922
-0.997276
0.999988
0.946056
0.999267
0.999845
0.067827
-0.996649
0.993056
-0.518404
-0.985275
-0.979371
-0.471766
-0.999985
0.997595
-0.999428
0.996301
-0.999999
0.999582
0.999985
0.995737
0.999981
-0.998418
-0.988271
-1.000000
-0.999999
0.999930
-0.633496
-0.999924
0.936643
0.999240
-0.999941
-0.999994
-0.999996
0.633745
0.992170
0.995104
-0.999999
-0.039736
-0.999879
0.999547
0.999951
-0.906897
0.999527
0.979673
0.999909
0.725967
-0.086796
0.999996
0.996350
0.995510
-0.999925
0.225885
0.999982
-0.859526
-1.000000
-0.857335
-0.998054
-0.997182
0.854427
1.000000
0.999917
-1.000000
-0.990510
0.999466
-0.999892
0.984467
-0.999844
0.999999
0.971379
-0.999981
0.999481
-1.000000
0.999967
-0.999422
0.571071
0.735317
-0.992204
-0.999989
0.610164
0.979007
0.976504
0.999259
0.999962
0.999833
0.977268
-0.986693
-1.000000
-0.536044
-0.999018
1.000000
-0.986039
-0.999991
-0.999999
0.859000
0.998260
-0.985493
0.999965
-0.488763
0.921843
-0.999839
0.999704
0.999531
-0.989275
-0.999592
-0.998176
0.802406
-0.999886
-0.997836
-0.909920
0.889012
0.999856
-0.996133
-0.999984
0.999762
-0.770281
-0.999970
-0.924508
0.524502
1.000000
0.999978
0.999999
0.999992
-0.999986
-0.999950
-0.995360
0.940040
-1.000000
-0.999997
-0.999991
0.290717
0.604767
-0.926247
0.999172
0.805686
-0.998858
0.965667
0.999810
-0.998922
-0.667143
-0.999304
0.995583
-0.992314
-0.989821
-0.974094
-0.999994
-0.988414
0.999986
0.999875
0.953683
-0.613229
-0.998073
-0.999996
-0.970824
0.985857
0.252259
1.000000
0.798813
-0.220915
-0.996912
-0.999997
-0.971601
0.924152
-0.997143
-0.983654
-0.646056
-0.628153
0.999120
0.046190
-0.675119
0.919724
0.914354
0.961565
-0.933937
0.947251
-0.444415
0.999999
0.648217
0.992245
-0.989499
-0.419798
0.978075
-0.988074
-0.999547
-0.992327
-0.998633
0.999286
0.617847
0.998918
-0.949747
-0.999994
-0.986514
0.816800
-0.999990
0.992625
-0.999970
1.000000
0.997107
0.988153
0.999747
-0.999997
-0.999916
0.967704
0.999917
-0.991054
0.010352
0.999999
-0.862769
0.047535
0.986925
0.991751
-0.993457
-0.999971
-0.922093
0.999864
0.980270
0.957399
0.861312
-0.999918
-0.782898
-0.999999
0.973746
-0.999841
0.999132
-0.990224
0.999798
0.358509
0.971483
0.994054
0.994511
0.996262
-0.472899
-0.956030
0.996591
0.992835
-0.999052
0.940426
0.999993
-0.761263
-0.941381
0.993901
-0.999992
-0.315121
-0.943388
-0.989597
-0.327841
0.986425
0.998096
0.992639
0.999990
0.999985
-0.002678
-0.999981
-0.996547
-0.973500
-0.978364
0.999984
0.999997
-0.962917
-0.997140
-0.999993
0.994233
0.999293
0.594263
-0.913533
-0.992706
0.998462
-0.954300
0.930497
-0.992844
-0.999412
-0.914114
0.736304
-0.999999
0.961281
0.999673
0.998978
0.801950
-0.898522
-0.620970
-0.999994
0.686680
-0.999777
0.996003
0.978912
-0.294400
0.729404
-0.999860
-0.999855
0.622763
-0.992612
0.881103
0.968937
0.419372
0.940933
0.999525
-0.450480
-0.986183
-0.243442
0.999778
0.998591
0.269206
0.999428
0.945326
0.999337
-0.515417
0.999999
0.942040
-0.711239
0.999744
-0.917799
0.168404
0.223989
-0.315436
-0.999637
1.000000
-0.893827
0.999994
-0.999998
-0.421001
-0.609038
-0.999936
0.999724
-1.000000
0.999998
-0.988179
0.979906
0.999959
-0.999994
0.996967
-0.427249
-0.847906
0.999682
0.956063
0.999978
0.194546
-0.738457
0.999874
-0.918533
-0.999574
-0.995009
0.852095
-0.547406
0.822012
0.938546
0.999987
-0.882914
-0.458042
-1.000000
-0.987426
0.105424
0.781948
-0.999839
1.000000
-0.998890
-0.999433
0.807307
0.979557
-0.738273
-0.994501
0.110812
-0.802375
0.988104
-0.999989
-0.982163
0.997539
-0.938957
-0.996121
-0.249773
0.999974
0.999935
0.999963
-0.372454
-0.873156
0.998789
-0.244592
-0.311013
1.000000
0.999449
-0.109877
-0.999858
-0.999771
0.999289
0.999982
-0.745000
1.000000
-0.997729
-0.996199
-0.999911
0.999961
-0.999677
0.967456
0.999989
-0.986633
0.951397
0.808698
0.989103
0.934451
-0.950997
-1.000000
-0.880397
-0.999953
0.173905
0.996752
-0.924709
-0.999843
-0.998810
0.996293
-0.999775
0.918255
0.752797
0.994237
-0.456431
0.916286
-0.979448
-0.999953
-0.999966
0.999704
0.732060
0.967934
0.190518
0.967178
-0.762701
-0.946144
-0.998894
0.999907
0.728857
0.650332
0.998349
0.878782
0.067983
0.760882
0.998352
-0.999850
-0.912199
0.972323
-0.912909
-0.098000
0.999234
-0.998881
-0.998238
-0.954206
-0.985989
-0.694756
0.990244
-0.999930
-0.999200
0.972150
0.999883
-1.000000
0.975467
-0.997800
0.999997
0.744645
-0.814357
-0.966289
-0.999527
0.877582
0.998525
0.967627
0.590313
-0.993077
0.514630
0.635280
0.997975
-0.993393
-0.997670
0.871922
-0.991567
-0.865866
0.737727
0.927335
0.315308
-0.657753
0.410586
0.987731
-0.999978
-0.816308
-0.989711
-0.934378
-0.265217
0.987299
-0.871025
0.579772
-0.999996
1.000000
-0.487351
-0.358330
-0.339496
0.669346
0.278733
-0.999658
-1.000000
-0.797616
0.998980
0.963161
-0.236820
-0.996894
-0.918438
0.758412
-0.999723
-0.981164
-0.957752
-0.955030
-0.929232
0.999997
0.999986
-0.007069
-0.999987
0.609592
0.614179
-0.861317
0.999373
0.600724
0.992569
0.771099
0.833558
-0.940475
0.999909
0.997642
-0.996303
-0.999947
-0.999732
-0.999495
0.957161
-0.998978
-0.993343
0.970855
0.956249
-1.000000
0.999913
-0.999407
0.980002
0.268353
-0.887099
0.983135
-1.000000
-0.999906
-0.979672
0.999660
0.960379
0.999966
0.999640
-0.999897
-1.000000
-0.996728
0.767979
0.865829
0.817200
-0.990456
-0.998244
0.999732
0.990225
0.999956
0.211075
0.947787
0.984284
-0.985125
0.626007
-0.868391
1.000000
-0.443116
0.501094
-0.929383
-0.739731
0.234325
-0.999552
-0.999736
-0.999181
-0.954830
-0.205143
0.858761
0.999755
0.182915
-0.999949
-0.982791
-0.968205
-0.999999
-0.998069
-0.995979
0.999999
0.152445
-0.933710
0.999959
-0.999999
0.998862
0.992414
-0.992774
0.999635
0.985365
0.996257
-0.206741
0.999967
0.571240
0.980202
0.708877
-0.994442
-0.539366
-0.980651
-0.990116
0.627605
0.837245
0.999931
0.999870
-0.999974
-0.963645
-0.999061
-0.989624
-0.892119
0.999964
0.996833
-0.997787
-0.990396
-0.672257
-0.996330
-0.973937
-0.984137
-0.965479
0.997534
-0.994895
-0.993736
0.996699
-0.975270
0.997807
-0.936344
-0.998100
0.146759
0.970086
-0.698935
-0.909469
0.999948
0.999985
-0.994897
1.000000
0.997473
-0.997919
-0.998817
-0.003271
-0.192051
0.913832
-0.984683
0.999635
-0.962139
0.824814
-0.995370
-0.931782
-0.942282
0.809545
-0.870738
0.664565
-0.998448
-0.706207
-0.746464
-0.973626
-0.984442
0.983500
-0.999398
-0.999955
-0.995601
-0.520856
-0.523690
0.999802
-0.145818
0.999999
-1.000000
0.970011
0.942082
0.906890
0.999981
0.999904
0.409346
-0.999616
-0.999942
0.997730
0.851607
0.999520
-0.998436
-0.827249
-0.768150
-0.939337
-0.330462
0.904756
0.142048
0.999333
-0.993633
0.413480
0.999852
-0.999877
0.999896
0.994532
0.797859
0.997650
-0.999983
-0.741821
0.219879
-0.921431
0.585083
-0.999479
0.997404
0.999749
-0.996518
0.915162
-0.980034
0.798260
-0.999979
-0.940798
0.658163
-0.999994
1.000000
-0.027602
0.804853
0.999043
-0.999869
-0.394126
-0.997098
0.995634
-0.997185
0.982428
0.995985
0.999643
0.549040
0.999622
-0.997865
0.993805
-0.999998
-0.985434
0.999854
0.995861
0.978798
0.977215
0.405860
-0.986676
-0.999905
-0.998845
-0.027654
-0.999389
0.925062
0.999953
0.829975
-0.996027
0.998201
0.780033
-0.999782
0.999830
-0.996662
0.998976
-0.641463
-0.981244
-0.994695
0.729361
0.429348
-0.910368
0.821608
-0.994805
-0.950703
0.999791
-0.995504
-0.443866
-0.997500
0.747587
-0.693897
0.999997
0.999878
-0.769250
-0.999962
-0.847119
0.994158
0.986986
0.997040
0.999794
-0.995268
-0.994430
-0.965674
-0.976693
-0.996132
0.999367
0.999027
-0.954933
-0.325544
0.999999
-0.541362
-0.988601
-0.805150
-0.994949
0.999996
-0.999999
-0.986072
0.999094
0.976425
0.748368
0.635965
-0.928433
-0.999988
-0.976796
-0.966297
0.756954
0.684307
0.999997
0.927455
-0.999995
-0.552370
0.999998
-0.272513
-0.989819
0.505704
-0.999618
-0.999752
0.932760
-0.509419
0.957988
0.982999
-0.980373
-0.497075
-0.998542
0.999999
0.985566
0.999887
-1.000000
0.999945
0.996730
0.467557
0.908544
-0.705920
-1.000000
0.999996
-0.663319
-0.999952
0.999992
0.977595
-0.992279
-0.999994
-0.983922
-0.901463
-0.999925
-0.999179
-0.999998
1.000000
0.488257
0.999099
0.963819
-0.999942
-0.999784
-0.999118
-0.999961
0.978192
-0.816512
0.148659
-0.950121
0.180756
0.930598
-0.999745
-0.999973
-0.997529
-0.998003
0.967041
0.896671
0.986709
0.999990
-0.998029
-0.821379
-1.000000
-0.955433
-0.481977
-0.815480
0.999949
0.999995
-0.997853
-0.672116
-0.995483
0.997146
0.999910
-0.910271
-0.383452
0.999975
0.965662
-0.891647
-0.999101
-0.306178
0.061613
-0.998878
-0.999901
0.807575
0.985982
-0.996661
0.969073
0.114200
-0.999944
0.999760
-0.999630
1.000000
0.999977
-0.999996
-0.999997
-0.997231
-0.973329
-0.982795
-0.275443
-0.950801
0.650571
0.999661
-0.878915
0.998645
0.999839
-0.999858
0.966281
0.708332
-0.167876
0.999774
0.997009
