0.122815
-0.999986
-0.999995
-0.313931
0.298199
0.922719
-0.999846
-0.999998
-0.995307
-0.952137
0.196360
-0.998278
-0.852201
0.992664
-0.414527
-0.999820
0.023906
-0.999617
-0.999831
0.376859
0.999792
-0.997324
0.984658
0.996708
0.999549
-0.916865
-0.969833
-0.972762
-0.116608
-0.166933
0.990002
-0.937091
-0.881689
0.999999
-0.963408
0.929205
-0.999965
0.279724
0.993686
0.958972
-0.800655
0.976599
0.986443
-0.999851
0.631481
-0.188202
-0.373440
0.987214
0.986493
-0.258180
-0.998895
0.631693
0.931382
0.872725
0.998773
-0.937773
-0.968725
-0.996553
0.999997
-0.997156
0.155571
-0.042813
0.999070
0.999836
-0.996889
-0.984378
-0.964538
-0.968189
0.999152
0.720346
-0.984157
0.267181
0.990379
-0.999838
-0.993704
-0.602389
-0.999789
-0.999993
0.999286
-0.156426
-0.999999
-0.999791
0.993256
0.998556
0.976697
0.975964
0.999600
0.996384
-0.954543
0.999938
0.999689
0.955262
-0.999864
-0.999988
0.030190
0.998180
0.869642
-0.997461
0.993369
-0.995316
0.999868
0.743990
-0.999999
0.260262
0.276896
-0.602754
-0.664401
0.352137
-0.979335
0.873397
-0.976995
-0.557184
-0.020506
0.969752
0.994494
0.999980
-0.798043
-0.999997
0.999998
-0.990270
0.921906
-0.999999
-0.997965
-0.616410
-0.999998
0.989146
-0.999999
-0.999853
0.849455
-1.000000
-0.999974
0.993355
-0.402540
0.999983
-0.999999
-0.999859
-0.995197
0.089851
0.273495
0.999946
-0.746981
0.997754
0.397009
-0.987219
0.603935
-0.999998
-0.999836
0.999581
0.996186
-0.963025
0.999278
0.999805
0.999939
-0.957000
-0.999979
-0.995809
0.765057
0.999756
0.998727
-0.973995
0.999819
-0.977213
0.999111
0.998728
-0.957458
0.925055
0.997606
0.837308
0.975409
0.287873
0.999992
-0.981232
-0.963057
0.632646
-0.942255
0.999566
0.995753
0.999827
-0.995621
-0.996243
-0.066486
-0.842165
0.998174
-0.348145
-0.992045
-0.999438
1.000000
-0.939691
0.325735
0.624892
0.999874
0.999990
-0.999996
-0.876740
-0.358987
0.998061
0.999970
0.064247
-0.999979
0.999978
-0.989491
-0.999463
-0.559087
-0.824125
-0.999995
-0.908081
0.999748
-0.450296
-0.999894
0.905431
0.999983
0.996130
0.759384
0.733183
-0.993189
0.821217
0.000994
0.999984
0.996932
0.992754
-0.999859
-0.999047
0.153752
-0.983762
-0.975552
-0.968873
0.463602
-0.505542
0.999897
-0.996601
-1.000000
0.995820
-0.909774
-0.662202
0.213096
-0.918919
-0.997444
-0.134441
-0.952440
0.311372
-0.994995
0.999949
0.999985
-0.998281
-0.955498
-0.999929
-0.923440
0.372838
0.999795
-0.988548
-1.000000
-0.998585
0.942777
-0.384759
-1.000000
-0.979218
-0.973290
-1.000000
-0.982768
0.995750
-0.935486
-0.416189
-0.999999
-1.000000
0.999995
0.999481
-0.996728
-0.998509
0.786035
0.835050
-0.921720
-0.999981
-0.279809
-0.979575
-0.999910
-0.999972
-0.999960
0.850570
0.999279
0.999769
0.998586
0.352998
-0.978574
0.999983
0.593205
0.892850
0.999667
-0.134454
-0.999478
-0.996337
-0.999843
0.997435
-0.999991
0.999349
0.985155
-0.715824
-0.751261
-0.934115
0.953877
-0.999776
-0.999869
0.995214
-0.887332
0.950192
-0.999995
-0.996958
-0.999953
-0.908103
-0.998195
-0.997142
-0.985991
0.999379
-0.999948
0.995600
1.000000
-0.955420
-0.999954
0.970131
0.999995
-0.240817
-0.999995
-0.997608
-0.251404
-0.444372
0.999977
0.372502
0.999118
0.999730
0.924067
0.998862
-0.981471
-0.995835
-1.000000
-0.994291
0.999971
-0.995583
-1.000000
-0.864490
-0.999996
0.999902
0.998839
0.978291
0.999737
-0.904007
-0.999407
0.999972
0.997417
-0.742195
-0.999992
-0.999905
0.157878
-0.998490
0.993053
0.996294
-0.658704
-0.996372
0.999999
0.884051
-1.000000
-0.997810
0.994925
0.995007
0.718390
-0.981914
-0.998883
-0.999448
0.999036
-0.942521
-0.995429
1.000000
-0.995849
-0.800718
-0.931799
0.986388
-1.000000
-0.933588
0.988595
-0.550149
-0.999960
-0.450980
0.999704
0.963865
-1.000000
0.997178
-0.981113
-0.999998
-1.000000
0.991304
-0.981307
-0.357351
-0.999951
-0.999966
0.999573
-0.996925
-0.392357
0.999836
0.985603
0.500764
0.966078
-0.870886
-0.443644
-0.999961
-0.999950
-0.999905
0.999567
-0.999930
0.999730
0.999490
1.000000
0.336198
-0.998858
0.998023
-0.990359
-0.980657
1.000000
-0.998619
0.939385
0.923036
-0.997923
0.703876
-0.998632
0.999999
0.998129
-0.998237
0.486988
-0.997399
0.999996
-0.999613
-0.596795
0.713687
-0.978018
0.999174
0.933164
-0.993667
-0.999999
-0.988982
0.896133
-1.000000
0.996814
0.931546
-0.998551
-0.999632
1.000000
-0.530373
-0.999996
0.997135
0.997616
-0.088235
-0.999992
-0.999206
-0.983141
0.678618
0.999979
0.973980
0.999980
0.999999
-0.991086
0.999940
-0.999905
-0.812069
-1.000000
-0.995475
0.999866
-0.999090
-0.999914
0.996920
-0.991655
0.999917
0.999986
1.000000
0.999953
-0.768902
-0.999999
0.999986
0.997168
0.999954
-0.999987
-0.976271
0.803948
-0.941752
-0.813582
-0.980039
0.860577
-0.996770
1.000000
-0.597605
-0.999999
0.982922
-0.715753
0.724848
-0.999478
-0.979173
0.112305
-0.997578
-0.996713
-0.356611
-0.994820
0.999975
-0.999988
-0.925681
-0.999754
-0.999863
-0.998118
-0.025795
0.988575
0.849032
-1.000000
-0.499288
0.999786
0.999989
-0.999999
0.999816
0.959521
-1.000000
0.271175
0.997587
0.657957
-0.986780
-0.860894
-0.998522
-0.004491
0.024876
0.800962
-0.873103
-0.999984
0.999938
-0.956028
-0.683566
0.999991
-0.954607
-0.999999
-0.465048
0.998620
-0.998189
0.597629
-0.999040
0.995902
0.998338
0.791281
-0.618486
-0.423610
0.999959
0.914126
0.055778
0.957281
-0.716582
-0.991544
0.999988
0.161540
0.319802
0.999873
-0.299333
-0.227621
0.998684
-0.816439
-0.719522
0.206252
0.585378
0.600584
0.999995
0.996246
-0.924118
-0.995337
0.300538
0.992218
0.980960
0.999963
0.997370
-0.987730
-0.935804
0.999967
0.999947
0.753027
0.995715
-0.994335
0.949118
-0.986163
-0.999985
0.706656
-0.640573
0.991066
-0.989111
-0.936962
0.997703
-0.968666
-0.167986
0.994518
0.626458
-0.999954
-0.997565
0.999553
0.937859
-0.999998
-0.969066
0.827759
0.999991
-0.919059
0.999731
-0.998202
-0.998129
-0.978188
-0.997596
-0.998453
0.768313
-0.994236
0.999999
0.975785
0.937753
0.999990
-0.006519
0.639893
-0.997029
0.997803
0.995684
-0.999750
-0.865433
0.916907
0.955548
0.993726
-0.908993
0.999948
0.999758
-0.452954
-0.999102
-0.996263
0.973455
-0.997998
0.972228
0.828204
-0.999986
0.473090
-1.000000
-0.992660
0.991689
-0.968819
0.999320
-0.999657
0.749964
-0.999971
-0.788121
-0.996308
-0.999993
-0.999952
0.977823
0.876064
-0.992348
-0.949512
-0.999991
-0.853344
-0.993456
-0.897452
0.999988
0.558687
0.978446
0.962986
-0.999998
-0.999396
0.948508
-0.951929
0.999955
0.999985
-0.997282
-0.999651
0.994178
-0.980579
-0.573229
-0.874645
0.996510
-0.426253
-0.807496
-0.999800
-0.999976
0.983629
-0.711420
-0.810917
-0.967119
0.998415
0.993092
-0.999734
0.997567
0.293181
-0.997721
0.999998
-0.970174
0.999026
0.995047
0.167857
0.973608
-0.984610
0.999841
0.989924
-0.080694
-0.969180
-0.744439
-0.979129
0.996912
-0.786510
0.736873
0.999983
-0.999103
-0.999884
0.973040
0.987972
0.966138
-0.999999
0.964390
0.991315
0.919114
0.929454
0.990348
0.078600
0.999651
0.949013
0.973067
0.841853
0.083860
-0.999986
-0.995027
0.999987
0.996093
-0.937528
0.999653
0.788488
-0.227057
0.995043
-0.999867
-0.852255
0.912367
-0.999872
0.998439
-0.990799
0.995494
-0.999984
-0.970282
-0.790022
-0.107877
-1.000000
0.966746
-0.957935
-0.995445
0.999957
-0.898873
-0.999995
0.041424
-0.764261
-0.251568
0.993670
-0.982751
0.151771
0.123671
-0.999800
0.940867
-0.993340
0.999987
0.957074
0.042544
-0.999933
-0.999998
0.962459
-0.999620
-0.964619
0.999963
-0.999931
-0.939870
-0.596860
0.999738
-0.999997
-0.997473
-1.000000
-0.999998
-0.999848
0.981681
-0.999922
-0.620329
0.980702
-0.999999
0.722862
0.799194
0.227949
0.999964
-0.999992
0.811434
-0.863101
-0.997754
0.932844
0.999276
-0.997504
0.999899
-0.974834
0.951922
-0.970317
0.966077
-0.998873
-0.074112
0.622486
-0.442588
0.657538
0.525469
-0.999992
-0.995167
-0.422134
-0.982680
0.803678
0.999697
0.685609
-0.377607
-0.999898
0.978975
-0.988250
-0.961687
0.976326
-0.193207
0.994272
-0.310742
-0.910997
0.998779
-0.986150
-0.998851
1.000000
0.969866
-0.993131
-0.992608
-0.891559
0.998942
-0.999314
0.982673
0.999995
-0.646671
-0.988160
-0.940381
0.958302
0.984704
-0.999995
0.995830
-0.835333
0.965070
-0.998957
0.975651
-0.998956
0.935576
-0.104586
0.571523
0.999767
-0.983389
-1.000000
-1.000000
0.997928
0.997491
0.973227
0.615938
0.630859
-0.995571
0.867090
-0.999874
-0.558902
0.763568
0.999173
0.984527
-0.958905
0.969408
-0.999987
-0.999488
0.998482
0.945547
-0.953569
1.000000
-0.741530
-0.256085
0.999999
-0.213909
-1.000000
0.744428
-0.836945
0.027102
0.960725
0.748951
0.965128
0.967207
0.699750
0.505702
-0.865139
-0.976804
0.999911
0.640396
-0.999867
-0.152685
-0.971765
-0.999976
0.999920
0.911594
0.036697
-0.999830
-0.718796
-0.367310
-1.000000
-0.571883
0.972726
-0.999936
-0.752945
0.156233
-0.993191
-0.998834
-0.955983
-0.999874
-0.993856
0.706437
-0.025141
0.999710
-0.999998
0.978543
-0.917606
1.000000
0.146694
-0.999927
-0.999981
0.999335
0.393090
-0.981297
0.994583
-0.673478
0.986603
0.996487
0.214198
0.274416
0.393125
0.983817
0.899026
-0.999574
0.998129
-0.962308
0.973950
0.999812
-0.751069
0.866644
0.928945
-0.769438
-0.905049
0.602395
0.926912
0.594386
0.903367
0.909150
-0.981007
0.999972
0.998640
0.681238
0.868528
0.301089
0.977378
0.645263
0.950999
-0.889421
-0.961750
-0.993958
0.999982
-0.608922
-0.846774
-0.528919
0.523628
0.962455
-0.999557
-0.637952
-0.985117
0.999825
0.998113
0.183632
-0.764335
0.999286
0.998075
-0.992165
-0.867660
0.828168
-0.999843
-0.998688
0.999808
0.235053
0.993590
-0.851779
0.998969
-0.960124
-0.889693
-0.627739
-0.998014
0.999166
0.993946
0.998872
-0.908301
0.539393
-0.999884
0.994099
0.967954
-0.994430
0.998216
-0.999612
0.938085
0.975794
-0.448190
0.998741
-0.999963
0.999967
-0.320830
-0.999544
-0.502439
0.948040
-0.315128
0.896939
-0.843224
-0.680680
0.055568
1.000000
0.927656
-0.797679
-0.492175
-0.994028
-0.995835
0.954101
0.756556
0.995731
-0.997965
-0.979294
0.194100
0.999998
-0.999998
0.156969
0.088560
-1.000000
-0.482370
-0.904648
-0.736671
0.999755
-0.976988
-0.999993
0.985056
0.010533
-0.903515
-0.955290
-0.734305
0.999910
0.932057
-0.999817
0.447096
-0.579502
-0.999967
0.999842
-0.979545
-0.996531
0.700357
0.392752
0.999969
0.987792
0.742992
-0.999897
-0.683492
0.992821
0.837472
-0.910845
-0.995327
-0.907603
0.999677
0.999996
0.715109
0.981474
-0.999800
0.653531
-0.934802
-0.775032
0.458329
-0.985704
-0.953141
0.993301
0.789499
0.999994
0.999882
0.514416
0.999886
-0.949471
0.996993
0.986885
0.998378
-0.048337
-0.999969
-0.791604
1.000000
0.999607
-0.982893
0.918997
0.784933
0.986626
-0.950576
0.926078
0.898520
-0.137566
0.999872
-0.954719
0.700387
0.999330
-0.653442
-0.771287
0.396424
-0.097068
-1.000000
-0.996755
1.000000
0.942490
0.908799
0.751657
-0.191245
-0.993295
0.804019
0.997088
-0.921427
-0.783381
0.994438
0.985643
0.996726
0.828136
-0.999999
0.893453
-0.914386
0.547425
0.022091
0.930324
-0.229885
-0.956415
0.983530
0.996155
-1.000000
-0.980243
0.862636
-0.970866
0.899233
-0.992296
-0.726408
0.995364
0.926388
-0.996469
-0.290533
0.999974
0.999748
0.715496
-0.999169
0.973258
-0.947786
-0.940185
0.922150
-0.955466
-0.999985
-0.645848
0.982306
0.995930
-1.000000
-0.943948
-0.999965
-0.999997
-0.653313
0.990968
-0.964521
-0.025417
-0.993473
-0.999768
-0.998142
-0.985522
0.969104
0.999980
-0.999999
-0.187840
-0.780758
-0.989209
0.882962
0.998421
-0.998537
0.999803
0.973299
-0.981318
0.596974
0.999966
-0.958300
-0.947567
0.947280
0.945328
-0.994236
0.996941
-0.977586
0.265888
-0.995998
-0.807153
-0.996591
0.998511
-0.999700
0.972209
-0.999962
0.975918
0.781024
-0.719219
0.999825
-0.814892
0.689250
0.861920
0.966825
0.999738
-0.450621
0.734345
0.976674
0.998263
0.386915
-0.999977
-0.999991
0.982390
0.982035
0.750878
0.999999
-0.999984
-0.999988
-0.275288
0.996814
0.998526
-0.927335
0.903212
-0.974215
0.986191
0.848590
0.999503
0.999227
0.496624
-0.922971
0.965587
0.997119
0.999035
-1.000000
-0.999994
0.999976
-0.849345
-0.965730
0.729540
-0.933377
-0.910845
-0.242433
-0.983502
-0.934469
0.956782
-0.965114
0.994227
0.162494
0.953625
-0.999439
-0.997716
-0.037532
-0.617392
-0.999635
0.999983
-0.984534
0.852865
1.000000
-0.951843
-1.000000
0.484027
-0.999775
-0.985155
0.936857
0.911915
-0.997061
0.999877
-0.899004
0.999925
0.994907
-0.108596
0.999642
0.999085
-0.996948
-0.743654
-0.063772
0.150080
0.963741
-0.668673
-0.999891
-0.997557
0.997885
-0.428397
-0.999999
-0.996809
-0.997607
-1.000000
-0.999103
0.627372
0.999710
0.847685
-0.999970
-1.000000
-0.751406
0.980027
-0.998043
0.999880
0.951941
-0.706128
0.144629
0.974954
-0.852286
-0.999591
-0.999995
-0.999086
0.999245
-0.999901
0.754930
0.999511
0.999866
0.834077
-0.999912
-0.999641
0.984701
0.988211
0.999339
-0.988442
-0.999902
-0.997583
0.767244
0.999978
-0.995869
-0.532702
0.999795
-0.976053
-0.999987
-0.957811
-0.978850
-0.584323
-0.997359
0.909336
0.956110
1.000000
0.999497
0.877940
-0.999994
0.652287
-0.999890
-0.998837
0.999899
0.960238
-0.992130
-0.999999
1.000000
0.959550
-0.634518
0.999207
0.999998
0.989248
-0.999993
-0.986303
0.381191
-0.411325
0.999990
0.778739
-0.999450
1.000000
-0.661645
-0.999655
-0.959558
0.995436
-0.999999
-0.417710
0.999794
0.840691
-1.000000
0.977415
-0.975643
0.999985
0.997956
0.999765
-0.993089
-1.000000
-0.999525
0.771977
0.999191
0.649328
-0.999999
-0.270254
0.933634
0.999445
0.999924
-0.998469
-0.978749
-0.999964
0.999466
0.997325
-1.000000
-0.999865
0.930268
0.744913
-0.697176
-0.942037
0.797455
0.347310
0.999935
-0.997357
-0.919611
0.999248
-0.432216
0.999491
-0.910557
-0.999978
-0.999966
0.441315
-0.867331
-0.977012
-0.999998
0.963040
-0.998670
0.987089
-1.000000
-0.989854
-0.998869
-1.000000
-0.999566
0.979311
0.913340
0.974018
-0.999996
-1.000000
-0.989579
-0.875968
-0.934741
0.999997
-0.836234
0.995029
-0.998528
-0.787785
0.495698
-0.999998
-0.999645
-0.992048
0.998568
-0.974298
0.451897
-0.873206
0.999912
0.969431
-0.924712
0.996321
0.999959
0.976542
0.999816
-0.988985
0.999732
-0.704108
-0.963922
0.999759
-0.999580
0.565810
0.999879
0.959475
-0.819622
-0.999833
0.991577
-0.749925
0.944030
0.999669
-0.227284
0.771401
-0.696074
0.994581
-0.998881
-0.915840
-0.997005
-0.994753
0.842704
0.622172
-0.995173
0.626694
0.999999
0.999976
-0.999997
-0.305811
0.991627
0.948943
-0.970771
-0.923311
0.258907
0.531786
0.996841
-0.946525
-0.999916
0.999869
0.998000
0.984064
0.560983
-0.877411
-0.999999
-0.999994
0.998601
-0.999857
-0.999996
-0.991744
0.995767
0.115232
-0.999481
-0.999882
-0.965224
-0.847543
-0.788261
0.999885
-0.999829
-0.149725
-0.999979
0.924134
0.545670
0.886580
-0.970908
-0.937663
-0.869174
-0.942039
0.999816
0.059641
-0.999999
0.992742
0.377223
-0.354569
-0.813943
-0.999187
-0.987891
-0.999045
0.956029
0.578532
-0.998218
0.998203
0.449010
-0.526078
-0.999886
-1.000000
-0.999785
-0.707993
-0.335477
-0.963271
-0.999499
0.958590
-0.798149
0.982581
-1.000000
-0.983745
-0.945084
-1.000000
0.623986
-0.997890
-0.607442
0.995025
0.984131
-0.995061
0.993263
-0.999973
-0.961978
0.924185
-0.999997
0.991995
-0.941612
-0.979899
0.974288
-0.999958
-0.999989
0.899545
0.991724
-0.999602
0.843553
0.999901
1.000000
0.551241
0.974196
-0.978408
-0.932458
-0.376570
0.991890
0.481250
0.998882
0.991415
-0.981584
0.998332
-0.995058
0.466857
-0.787426
0.884247
0.999996
0.899997
0.998800
0.999487
-0.997721
0.966867
-0.969764
0.999996
0.999609
0.875833
0.983835
-0.997062
0.995104
-0.998673
0.951761
0.965862
-0.990687
-0.551699
1.000000
-0.981314
-0.924933
0.869597
0.958794
0.975566
-0.362386
-0.999762
-0.794923
0.880806
0.999999
0.983738
0.995791
0.999916
0.216128
0.991315
0.957742
0.990034
-1.000000
-1.000000
0.999987
0.989112
0.998208
-0.943202
0.946842
-0.970329
0.994256
0.999544
0.967122
0.973943
0.939038
0.994357
0.999965
-0.960908
-0.999997
-0.975017
0.972295
-0.998862
-0.975211
0.959537
-0.959037
0.999949
0.999743
-0.799695
-1.000000
0.331697
-0.999994
-0.999962
0.776794
-0.999216
-0.995396
0.716751
-0.767822
0.997816
0.990746
0.997159
0.260533
0.479044
-0.999189
-0.946347
-0.955997
0.819686
-0.114421
0.998965
-0.954523
0.992512
0.999410
0.973652
-1.000000
0.868357
-0.413666
-0.999978
-0.999695
-0.868672
0.892777
0.999999
-0.957471
-1.000000
-0.858429
0.887250
-0.999735
0.999982
-0.997884
0.344200
-0.982573
0.959888
-0.993720
-0.999997
-0.999910
-0.999812
0.999813
-0.999998
0.997951
0.999969
1.000000
-0.675542
-0.999672
-0.999553
-0.243202
-0.377733
0.999602
-0.955817
-0.999707
-0.996901
-0.095595
0.537986
-0.999816
-0.999874
0.999780
-0.384689
-0.999641
-0.895687
-0.992546
0.996165
-0.999961
0.921145
-0.553689
0.999925
1.000000
0.997827
-0.999998
0.816000
-0.998168
-0.979994
0.997475
0.997245
-0.977198
-0.999988
0.999993
0.786343
-0.768664
0.515760
0.999971
0.999889
-0.998216
-0.999964
0.577601
0.898023
0.999994
0.978168
-0.999855
0.999941
-0.986637
-0.999980
-0.962346
0.993670
-0.999995
-0.938611
0.999928
0.960687
-0.999999
0.945847
0.858511
0.999862
0.830414
0.999923
-0.983548
-0.992862
-0.999318
0.999086
0.995882
-0.740041
-0.999990
0.985825
0.999690
0.999274
0.999583
-0.998128
-0.998199
-0.999824
0.999823
-0.975405
-0.999997
-0.276762
-0.956681
-0.955419
0.994661
0.622017
0.899933
-0.722582
0.999319
0.247167
-0.993844
1.000000
0.899437
0.942015
0.354710
-0.999995
-0.998858
0.963484
-0.941026
-0.068874
-0.999937
-0.950040
-0.999277
0.999349
-0.999998
-0.966029
-0.999267
-0.999985
-0.920796
0.630376
-0.872028
-0.356135
-0.986162
-0.999987
-0.999897
0.784537
0.994864
0.867223
-0.999106
-0.248977
0.985185
-0.998395
0.999610
1.000000
-0.976112
1.000000
-0.998322
-0.276431
0.929231
-0.923126
-0.997961
-0.763895
-0.895624
-0.978525
0.901652
0.990951
-0.999801
0.986739
-0.996872
-0.668107
-0.766195
0.992754
0.358139
-0.476703
-0.999960
-0.983400
-0.577909
0.985618
0.988685
-0.956898
0.991111
-0.905934
0.898337
0.999909
-0.998486
0.992639
1.000000
0.951502
-0.933075
0.978899
-0.999996
0.965547
-0.307772
0.999547
0.999946
-0.882298
0.848909
0.944560
0.954767
-0.629749
-0.964005
-0.597572
0.998814
-0.998697
0.972863
0.935548
0.619039
-0.410574
0.462970
0.905633
0.153119
0.839749
-0.999995
-0.999650
0.999999
0.999990
0.999548
-0.412413
-0.765750
-0.997833
0.657495
-0.999808
-0.999908
0.989655
0.997081
0.672447
-0.451186
0.998003
-0.999994
-0.805805
0.961838
0.998709
0.324012
0.999999
0.939485
-0.998574
0.985467
0.789496
-0.999986
-0.936434
-0.518501
-0.998676
-0.870942
-0.852543
-0.977539
0.999535
-0.206584
-0.962942
0.999304
0.446061
0.991421
0.772676
0.003618
-0.721713
0.898490
-0.999999
0.993659
-0.988040
0.068572
-0.569111
-0.999595
0.996854
-0.999999
-0.999864
-0.325124
-0.999414
-0.960885
-0.999748
-1.000000
-0.985771
-0.972507
-0.999802
0.999784
0.996382
-0.810287
0.828911
-0.998847
0.999992
-0.999882
-0.999076
-0.849514
0.188266
-0.999850
0.999825
-0.999999
0.897322
0.445249
0.945051
0.928209
-0.859860
-0.817923
0.999994
-0.951246
0.999847
-0.969557
0.722666
-0.002868
-0.998454
0.842275
0.999995
-0.988456
-0.814684
-0.993159
0.486534
0.385900
0.999899
-0.774674
-0.983367
0.997986
0.113863
0.983586
0.998882
0.508708
-0.999953
0.999712
0.186114
0.795651
0.105784
0.989843
0.826424
-0.993392
0.999936
0.999999
-0.928469
-0.902045
0.952386
0.999938
-0.996937
-0.999996
0.996781
-0.999524
0.954339
0.971704
-0.687345
-0.987722
-0.995936
-0.271543
0.998866
-0.609672
-0.975810
-0.999874
-0.999928
0.999845
0.993700
0.974627
0.999280
0.999078
0.999417
0.986683
-0.454781
0.999900
0.998973
0.964658
0.999699
-0.978962
-0.999999
-0.994137
0.269117
0.979039
-0.999888
-0.702401
0.999997
-0.880546
-0.984569
1.000000
-0.468474
-0.999992
0.977188
0.791652
-0.940714
0.999357
0.950307
-0.992610
0.997518
-0.998425
0.911652
0.878981
0.992659
0.997774
0.383778
0.806558
0.998709
0.593841
0.962332
0.999982
0.999448
0.987840
-0.996153
0.858219
0.661914
-1.000000
0.999955
0.676169
-0.999912
-0.936051
-0.170973
0.856240
-0.164600
-0.947217
-0.999941
0.805149
-0.868497
-0.102552
0.938296
-0.999996
-0.065593
-0.992996
-0.999766
-0.830979
-0.988519
-0.999998
0.577910
-0.950850
-0.974758
0.468144
0.948948
0.056493
-0.971555
-0.746514
0.956305
-0.819110
0.990026
-0.999289
0.951764
0.865077
0.999419
0.003089
0.962005
-0.865316
-0.968286
-0.669767
-0.937214
-0.715907
-0.821182
0.809852
-0.954192
0.929986
0.947594
-0.998179
0.981334
-0.998189
-0.986360
-0.591025
0.840159
-0.972663
-0.228080
0.983618
0.999200
-0.779067
0.930985
0.999989
0.060675
-0.990322
-0.991193
0.999129
-0.066399
-0.999996
-0.982015
-0.998199
-0.694824
0.902860
0.965369
-0.999286
0.691750
0.891174
-0.960861
-0.791675
0.820730
-0.999995
-1.000000
0.965060
-0.956344
-0.926002
0.990652
0.988720
0.999280
0.379154
-0.985215
0.999031
0.979281
0.944346
0.999996
-0.320248
0.969591
-0.999091
-0.974598
0.345110
-0.965356
0.818080
0.969626
-0.841198
-0.925701
0.996436
-0.998095
-0.999989
-0.661440
0.131234
-0.971283
0.966986
-0.953632
-0.834137
-0.763938
-0.999440
0.999605
-0.850925
0.997929
-0.940623
-0.699648
0.750403
-0.995243
0.957349
-0.960327
0.780279
0.664337
-0.965192
-0.985471
-0.996492
-0.433301
-0.999997
0.998839
-0.999676
-0.999999
-0.998520
-0.991575
-0.983653
0.997618
-0.964640
-0.999998
0.974331
0.967877
-0.997906
0.402976
-0.997972
0.999925
0.999284
-0.985718
-0.899637
0.999821
-0.999967
0.868036
-0.983162
0.362755
-0.918401
0.986763
0.866181
-0.858938
0.020480
-0.289750
-0.451817
0.990479
-0.920786
-0.979599
-0.883605
-0.974401
0.562391
-0.471385
-0.748605
0.999887
-0.155997
0.657733
0.925216
0.704216
0.995661
0.933288
0.785010
0.938230
-0.503408
0.999971
0.991252
-0.710225
0.999810
-0.994950
-0.864319
-0.999444
-0.455330
-0.940166
-0.864789
0.999964
1.000000
0.669066
-0.994371
0.999722
0.999976
-0.997191
-0.999993
-0.021761
0.834247
0.633564
0.974480
-0.871849
0.827279
0.793521
0.432511
0.997475
-0.996857
-0.998417
-0.999998
-0.999981
0.999843
0.997713
0.993705
0.985138
-0.999563
-0.803729
0.905033
0.861237
-0.847375
-0.949947
-0.995105
0.999863
0.998135
0.985655
-0.999967
0.875584
-0.768544
-0.980340
-0.005094
1.000000
0.558755
-0.855002
0.999924
0.870109
-0.999999
-0.268322
-0.917045
0.101128
-0.949733
0.299527
0.498400
0.691403
0.996655
0.983207
-0.847291
0.900708
0.994854
0.998699
-0.762484
0.999720
-0.904918
-0.999985
0.999848
0.999900
-0.950190
0.937686
0.373284
0.958709
-1.000000
-0.941327
0.996563
-0.999975
-0.974653
0.992755
-0.999710
-0.676076
-0.883134
-0.999844
0.992254
0.818389
0.972836
-0.991386
-0.999999
0.999970
-0.662091
0.999910
-0.984349
-0.999995
-0.999975
-0.928965
-0.997988
-0.899021
0.972941
-0.996117
0.999976
0.950817
0.963392
-0.939319
0.994925
0.970984
0.891054
-0.995890
-0.589880
-0.998100
0.998666
0.734915
-0.878693
-0.973983
-0.976493
0.950057
0.168455
-0.885205
0.999532
0.991644
-0.358503
0.983976
-0.999295
0.993826
0.999930
-0.910160
0.984110
0.477275
0.993200
-0.965879
0.993241
0.836533
-0.981632
-0.983911
0.999997
0.999719
-0.997415
-0.870570
0.967159
-0.857595
-0.996774
0.926349
-0.689669
0.999964
0.971189
-0.989309
0.929922
0.998124
0.990544
0.997123
-0.374753
-0.895484
-0.999963
-0.999883
0.999946
-0.898469
0.999624
-0.995767
-0.925724
-0.997569
-0.603456
0.095725
-0.369673
0.995246
0.995213
0.999932
0.998323
0.913842
-0.999954
0.989678
0.939946
0.999252
0.923253
-0.999849
0.965088
0.996471
-0.069678
0.809105
-0.999983
0.968478
0.602009
-0.916789
0.992457
0.911141
-0.701775
0.991140
0.935014
0.932931
0.991661
0.999996
-0.372309
-0.970049
-0.987650
0.950139
-0.989923
0.993104
-0.943387
0.993000
-0.985126
-0.729794
0.594255
0.999964
-0.999995
0.999962
-0.961890
-0.999999
-0.999950
-0.783884
0.991779
0.995976
-0.997277
-0.999990
-0.551805
0.069112
-0.936146
0.999759
0.989888
0.999510
-0.998572
-0.111925
-0.955448
-0.992207
-0.999982
-0.999095
0.999726
-0.999769
0.707291
0.999770
0.999836
-0.814620
-0.999971
-0.999379
0.999911
0.194668
0.984271
-0.987521
-0.999349
-0.993839
0.936235
0.999869
-0.981600
-0.804717
0.999309
0.813652
-0.998386
-0.821987
-0.863603
-0.299222
-0.999972
0.971068
0.483173
0.999850
0.999793
0.942708
-0.999918
-0.977909
-0.999893
-0.995420
0.997331
0.911938
-0.990974
-0.999376
1.000000
0.840895
0.642132
0.999683
0.999935
0.999817
-0.999996
-0.999903
0.840690
0.989828
0.999938
0.727689
-0.998240
0.999997
-0.991678
-0.999542
-0.987378
0.988825
-0.999987
0.607826
0.999493
0.982744
-1.000000
0.978902
-0.026000
0.999521
0.997991
0.999482
-0.994787
-0.999614
-0.995829
0.999892
0.999796
-0.421875
-0.999999
-0.858563
-0.888846
0.998010
0.952097
-0.999033
0.888780
-0.957088
0.999934
0.992896
-0.999999
-0.999869
0.312292
0.906052
-0.844960
-0.999114
0.812253
-0.820287
0.999384
-0.984769
-0.894955
0.999955
0.378153
0.999986
-0.999140
-0.999980
-0.999558
-0.902617
-0.345482
-0.987967
-0.999991
0.994032
-0.999048
0.998655
-1.000000
-0.999146
0.717007
-0.999989
-0.999993
0.828830
-0.999838
0.999755
-0.999473
-1.000000
0.222136
-0.672758
-0.993249
0.999958
-0.999164
0.999789
0.784095
-0.970976
-0.829765
-0.999679
-0.999871
-0.140459
0.316001
-0.999154
0.103501
0.999999
1.000000
0.998523
-0.999966
-0.999883
0.950862
0.999715
0.985784
-0.574707
0.520745
-0.999933
0.997139
0.505552
0.910886
-0.993846
0.982794
0.912215
-0.996608
-0.994526
0.999994
0.999938
0.974068
0.771647
-0.830118
0.999956
1.000000
-0.101682
-0.991943
0.907436
0.999165
0.912824
0.999999
0.734702
0.305243
-0.982462
0.999999
0.999989
-0.999258
0.742734
0.999296
0.995525
-0.993320
0.140459
-0.194197
0.972274
0.998087
-0.962786
-0.999984
0.995754
0.752455
0.863227
-0.935737
-0.992930
-0.999992
-0.999408
0.999995
0.983905
-0.981976
-0.946907
0.998414
0.988551
0.967277
0.998923
-0.084635
-0.998438
0.959320
0.999830
0.251462
0.987260
-0.999895
0.272350
0.994462
0.999504
0.998910
0.994193
0.971297
-0.998972
0.999999
0.985514
-1.000000
-0.319383
-0.766391
0.995081
0.999614
0.865207
0.247447
0.494783
-0.996444
0.768883
-0.999961
0.993344
0.998422
-0.514806
-0.977891
-0.991526
-0.959000
-0.832377
0.998117
0.996402
-0.999226
-0.700575
-0.979783
0.981584
-0.999999
-0.697295
-0.999386
-1.000000
0.675424
0.792351
-0.642000
-0.991071
-0.973442
-1.000000
-0.999874
-0.999856
-0.533579
1.000000
-0.999972
0.699603
-0.996266
-0.999995
0.998613
0.840597
-0.999995
0.999901
0.983876
-0.999938
-0.978153
-0.946398
-0.998355
-0.620517
0.997827
0.998785
-0.616231
0.999999
-0.999132
0.986067
0.999117
0.255652
-0.999951
0.999965
-0.930544
0.980579
-0.998429
0.993359
0.939247
0.999977
0.990705
-0.723986
-0.999524
0.995733
-0.998583
0.999964
-0.999510
0.488218
0.998419
-0.611691
0.998053
0.907980
-0.996601
0.999722
0.306111
0.999144
0.999997
-0.978336
-0.998237
0.999890
0.999333
0.380261
-0.999999
-0.999996
0.999092
0.999873
-0.060341
0.630068
-0.998739
0.937903
0.997720
0.919397
0.999122
0.990802
-1.000000
-1.000000
0.974977
0.917003
-0.999892
-0.926663
0.999848
0.998361
-0.982032
-0.999965
-0.999910
0.821190
-0.995263
-0.941754
-1.000000
0.939969
-0.999999
0.997186
0.999821
-0.997179
0.974390
0.999994
-0.540299
-1.000000
1.000000
-0.988459
-1.000000
-0.634207
1.000000
-0.999985
-0.907159
-0.992380
-0.956153
0.896106
-0.975325
0.870293
-1.000000
0.999990
0.892008
-0.999984
0.992612
-1.000000
-0.940738
-0.999990
0.970380
-0.366020
0.997770
0.966426
-0.999999
-0.944597
-1.000000
-0.965371
0.988801
-0.999998
-0.999952
0.884059
0.881239
0.999889
-0.999781
-0.999957
-0.987985
-0.181980
-0.998472
0.999827
0.994856
0.946651
-0.978227
0.965986
-0.995841
-0.999969
-0.999879
-0.986135
0.999915
-0.999690
0.990497
0.999993
0.999184
-0.998794
-0.999946
-0.946159
0.565178
0.953176
0.998975
-0.997447
-0.999981
-0.992620
0.999053
-0.843008
-0.997186
-0.096252
0.998568
0.964741
-0.944826
-0.828785
-0.712317
-0.139831
-0.999901
0.982756
-0.412932
0.989346
0.999909
0.974941
-0.999774
0.546080
-0.999982
-0.999921
0.980479
0.879135
-0.931754
-0.999994
0.999992
-0.814947
0.717780
-0.250931
0.999998
0.999915
-0.999847
-0.998510
-0.259289
0.982286
0.999824
0.999420
-0.988862
0.999986
-0.933936
-0.999406
-0.076942
0.999861
-0.999995
-0.725798
0.999201
0.982694
-0.999036
0.988499
-0.951871
0.995334
0.823214
0.998062
-0.992894
0.506075
-0.992369
0.999999
0.999982
0.999599
-0.999999
-0.999642
-0.481186
0.993807
-0.730811
-0.999858
0.137320
0.998473
0.169703
-0.928742
-0.999979
-0.993438
-0.876573
-0.996776
0.928705
-0.936076
-0.929452
0.348240
0.999150
0.050505
-0.548136
0.999992
0.997268
0.999983
-0.591677
-0.963799
-0.997431
-0.864215
-0.004776
-0.999880
-0.999999
-0.789863
-0.976573
0.998671
-0.999998
-0.991822
0.999814
-0.999996
-0.998496
-0.536689
0.997911
0.999867
0.178162
-0.999971
0.975300
0.723889
0.999133
-0.999829
-0.907030
0.999994
0.756408
-0.999952
0.381634
0.993229
-0.999999
0.742952
-0.999462
-1.000000
0.296274
0.870689
1.000000
-0.431026
-0.999111
-0.999587
0.770356
0.345168
0.993025
0.926618
-0.995400
0.991766
0.999924
0.999874
-0.990441
-0.945004
-0.999865
0.999895
-0.007283
-0.755205
-0.998410
0.998085
-0.999920
0.497367
0.999768
0.999940
0.999967
-0.998798
-0.999311
-0.828198
0.999932
-0.963878
0.996756
0.025354
0.997778
0.999996
1.000000
0.999940
-0.995544
0.332097
0.996512
0.999774
-0.999920
0.985587
-0.391928
-0.988402
0.999987
-0.905129
0.999980
0.992555
-0.999926
-0.968595
-0.999971
-0.992488
-0.999986
-0.999999
0.999982
0.998246
0.998995
0.986228
0.999991
0.997700
-0.996603
0.999834
0.989364
0.740695
0.998925
0.999963
0.999676
-0.021179
-0.999959
-0.615974
-0.994337
-0.997848
-0.437703
0.999865
0.916261
-0.958938
0.611490
-0.998773
-0.999996
-0.999403
-0.909586
0.823281
-0.993610
-0.893468
0.992920
-0.966033
0.999932
-0.281273
-0.982220
0.999999
0.974056
0.993651
-0.973524
0.994696
-0.253047
0.903935
0.993506
-0.638532
-0.999798
0.985716
0.999158
0.999637
-0.999989
-0.999592
-0.921396
-1.000000
-0.998108
0.988136
0.965367
0.999640
-0.998218
-0.999513
0.974698
0.999934
-0.962197
0.999994
0.512699
0.997955
0.923158
0.980360
-0.999999
-1.000000
-0.998405
0.987715
0.992385
-1.000000
-0.756480
0.999989
0.999993
0.849123
-1.000000
-0.999756
0.765470
0.828054
0.999174
0.962639
0.999412
-0.999730
0.997993
0.769711
-0.999933
0.877724
0.989941
0.875032
0.982368
0.995583
-0.999771
-0.992779
-0.996439
-0.836459
0.998558
0.999965
1.000000
-0.997935
-0.999979
0.884921
-0.998550
-0.998552
1.000000
-0.653396
-0.991704
-0.999997
1.000000
0.819081
-0.307742
-0.886371
0.999619
0.999985
-0.999882
-0.997950
-0.936164
0.986239
0.998744
-0.344873
0.065458
0.998560
0.535642
-0.998547
-0.971129
-0.972120
-1.000000
-0.995488
0.999976
0.990531
-0.999980
0.990635
0.991628
0.999995
-0.987467
0.999611
-0.220371
-0.915849
0.902894
0.999704
0.999584
0.988338
-0.999998
-0.964205
-0.999965
0.997516
0.821529
-0.759686
0.840996
-0.960315
0.999993
0.064151
-0.999992
0.996444
0.010193
-0.998369
-0.623941
-0.882083
0.992778
0.835063
0.820593
-0.994235
0.967151
0.999748
0.992657
0.954154
-0.873465
-0.911188
-0.997708
0.996185
0.870787
-0.996695
-1.000000
-0.821482
-0.993032
0.995433
-0.999997
-0.652484
0.468357
-0.999977
-0.999988
-0.995370
-0.790512
0.993988
-0.990004
-0.999998
0.997525
-0.557531
-0.996564
0.999748
-0.998989
0.999593
0.739295
-0.939324
-0.708943
-1.000000
-0.999929
-0.999267
0.987619
-1.000000
0.908354
0.999499
0.999999
0.935081
-0.976162
0.870507
0.338742
-0.802637
0.964420
0.411479
-0.823383
-0.862043
-0.788721
-0.994047
-0.999917
-0.988486
0.963872
0.457710
-0.980628
-0.974680
0.964140
-0.520746
-0.974065
0.639456
-0.997054
0.999491
0.999820
-0.959800
-0.999976
0.876577
-0.925145
-0.967973
0.976635
-0.072470
-0.963757
-0.298084
0.999994
0.907725
-0.416075
-0.891462
0.996783
0.951235
-0.999903
-0.914862
-0.975748
-0.749909
0.997650
0.973236
-0.999577
0.993505
-0.393741
-0.791223
-0.998495
-0.877389
-0.999980
-0.991159
0.999997
-0.993209
-0.999639
-0.740969
0.998887
0.658558
-0.997701
0.980622
0.997101
0.672844
-0.764088
0.999999
-0.925110
0.949454
-0.999889
0.998086
0.917538
0.910343
0.992518
-0.988130
0.596810
-0.915482
0.997198
-0.981469
-0.999998
0.993412
-0.998917
-0.845303
0.876217
0.521883
-0.095462
0.974288
-0.951769
-0.925963
-0.698139
0.999999
0.797605
-0.864613
-0.669990
-0.999994
0.175538
0.938512
-0.999804
0.956563
-0.996621
0.627914
-0.938756
0.999291
-0.999997
0.993846
-0.997512
-0.999994
-0.981089
0.996291
-0.991582
0.999998
0.960880
-0.999973
0.998257
-0.998819
-0.880279
-0.994177
-0.986075
0.999999
-0.936512
-0.999127
-0.174494
-0.882694
-0.998074
-0.786481
-0.999968
-0.999976
0.722292
-0.378416
1.000000
0.880977
-0.097412
-0.999956
0.969049
-0.758002
0.996743
-0.995053
-0.986605
-0.998204
0.996746
0.650592
-0.892451
-0.976012
-0.999639
0.986574
-0.856549
0.637587
0.999150
1.000000
-0.967639
-0.591570
0.999181
0.999999
1.000000
-0.979819
0.997980
-0.861373
0.999990
-0.784680
0.998594
-0.985857
-0.993582
-0.997703
0.999998
0.999439
-0.999863
0.529493
0.993434
-0.142195
-0.999162
0.903640
-0.842767
0.821479
0.998551
-0.999982
0.996114
0.999892
-0.984778
0.985123
-0.782817
-0.985845
-0.999970
-0.997713
0.999958
0.989016
0.999350
0.938320
-0.933959
-0.999846
0.987031
0.995126
0.957794
-0.943676
0.999189
0.999994
0.999733
-0.555888
-0.999965
-0.263302
0.092021
0.998935
-0.407701
-0.934413
-0.840567
-0.949113
0.999961
0.080368
-0.999995
-0.985910
0.619947
0.175316
0.987264
0.999256
-0.192425
-0.410135
0.996662
0.177851
0.998912
0.999940
0.995625
0.996668
-0.803055
0.960318
-0.644945
-0.145597
0.998734
0.792566
-0.899217
0.811434
0.993324
-0.742878
-0.999998
0.993941
-0.999028
-0.999996
-0.972194
0.941177
-0.986888
-0.999981
-0.999950
-1.000000
-0.865490
-0.878699
-0.011510
0.999987
0.890242
0.950764
-0.340580
-0.999995
-0.908112
0.111276
-0.999989
0.999991
0.903324
-0.700954
0.990190
0.999888
-0.998607
-0.800851
-0.997769
0.947677
-0.952324
0.985519
0.779584
-0.444261
0.984774
0.810994
-0.983199
0.999405
-0.510825
0.998629
-0.434560
-0.239307
-0.999995
-0.999695
0.999583
-0.947837
0.999739
0.801449
-0.998402
-0.206176
-0.990336
-0.968457
0.700207
0.991574
-0.975087
-0.373681
-0.980523
0.999854
-0.971580
0.687721
0.999999
0.940443
-0.986362
-0.945821
0.999999
0.997871
-1.000000
-0.987428
-0.997225
-0.988474
0.996277
0.999413
-0.990046
0.555143
0.859929
0.998054
-0.949582
-0.998197
-0.999989
-0.999828
0.999988
0.994450
-0.998638
0.999195
0.998081
0.989212
0.926833
-0.999924
-0.972957
0.968985
0.992496
1.000000
-0.999962
-0.988167
-0.997161
-0.999964
-0.967553
-0.957959
0.996336
0.999860
0.860639
-0.999649
0.999982
0.257576
-0.999999
-0.905634
-0.149200
0.994336
0.985396
-0.997351
-0.998290
-0.151171
-0.998906
-0.998609
-0.879230
0.999995
-0.999958
-0.999205
-0.999899
-0.997653
-0.923715
-0.999985
-0.952309
0.989779
-0.999063
-0.996229
-0.999908
0.995745
-1.000000
-0.999973
-0.866083
-0.999984
-0.976607
0.997187
0.662994
0.999996
-0.999918
-0.999798
0.993091
0.554172
-0.994543
0.914293
-0.983813
0.610076
-0.979341
-0.999995
-0.298491
0.999920
-0.994475
1.000000
-0.902538
0.825082
0.810532
0.717531
0.999290
-0.275710
0.268634
-0.707346
0.995851
0.681168
-0.999672
-0.978434
-0.992560
-0.937623
0.999796
0.999833
0.721241
-0.969181
-0.998641
0.895738
0.992497
0.737200
0.992836
0.959996
0.944967
0.992736
0.693926
0.983766
0.992101
0.865495
1.000000
-0.998297
0.816966
0.999494
-0.286751
-0.997642
-0.999643
0.999999
0.999991
0.810951
-0.980654
-0.270724
0.989156
0.970505
-0.999844
0.996040
0.873691
0.939064
-0.895989
0.683557
0.082664
0.999946
0.518674
0.973479
0.958560
-0.991678
-0.999842
-0.997520
0.999261
0.998004
0.999995
0.995588
0.999548
-0.999692
0.497519
-0.999995
-0.979181
-0.814168
0.999992
0.992252
-0.828761
0.646558
-0.999406
-0.990684
-0.762195
-0.970340
-0.985886
1.000000
0.819451
-0.999173
0.999486
-0.997781
-0.999997
-0.629748
0.987365
-0.997219
-0.218453
-0.999959
-0.998429
-0.995554
-0.522191
-0.795737
-0.991465
0.895935
0.999999
-0.992646
0.991797
0.998115
-0.999943
-1.000000
0.996109
0.803284
-0.958257
0.863502
0.999597
0.107341
-1.000000
-0.999948
0.950759
-0.999973
-0.999949
-0.474624
-0.994550
0.985601
-0.997650
-0.999998
-0.977776
-0.989518
-0.991859
-0.821490
-0.981449
0.999069
0.982157
-0.999300
-0.746519
0.988221
-0.767474
0.991657
0.933738
0.918811
-0.999981
0.975137
-0.101850
0.999448
-0.949605
-0.999583
0.999996
0.976685
-0.986999
0.987042
0.989659
-0.922715
0.997364
-0.999991
-0.999469
-0.847270
0.838837
0.985587
-0.998843
-0.604878
-0.633069
0.997275
0.999944
-0.787039
0.803936
0.751058
0.999967
0.654830
0.996238
-0.988693
-0.992605
0.976763
-0.616813
-0.999876
0.996123
0.552072
0.999994
0.999751
-0.996365
0.909650
0.999989
-0.783741
-0.998967
-0.957658
0.952241
-0.999785
0.906356
-0.508380
-0.998106
0.991287
-0.932802
0.979813
-0.999860
-0.982744
-0.983821
-0.686391
0.996172
0.998178
0.901859
-0.991524
-0.999610
-1.000000
0.999690
-0.994145
0.992142
-0.995773
0.880992
0.999980
0.999998
0.994774
-0.999072
-0.999999
-0.988301
0.999848
-0.998343
0.999831
0.902944
0.962251
0.998536
0.999816
-0.999817
-0.990314
0.999961
-0.909234
-0.468939
0.959780
0.326172
-0.976903
0.385262
-0.998879
0.989578
0.219713
0.642331
0.763096
0.880915
0.998356
0.619186
-0.999962
0.984157
0.999693
-0.793140
-0.438149
-0.997361
-0.915449
-0.999984
-0.997095
-0.999994
-1.000000
-0.987154
0.864697
-0.932913
-0.999767
-0.990220
-0.999995
0.985732
0.923931
0.994953
-0.967342
-0.999660
0.977518
0.720982
-0.999983
0.995643
-0.999996
-0.999967
-0.999894
0.999049
-0.966570
0.901730
0.999896
-0.984789
0.567938
-0.764680
0.999884
0.428469
0.027263
0.798977
0.713781
-0.997635
-0.634201
-0.999550
0.999981
-0.999990
-0.062206
-0.914677
-0.471424
0.514136
0.521773
0.951776
-0.999992
-0.999618
0.968389
-0.996200
0.961519
-0.999975
-0.965754
-0.997237
-0.994922
-0.968817
-0.950002
-0.999992
0.851628
0.894212
0.963307
0.999998
-0.999560
0.660217
0.887322
1.000000
0.999976
-0.999988
-0.946522
0.801875
0.981253
0.999977
-0.998982
0.961832
-0.586992
-0.647801
0.990378
-0.996985
-0.145188
-1.000000
-0.999997
-0.189307
-0.993082
-1.000000
-0.994463
-0.993363
0.999924
0.118081
0.633931
0.999579
-0.812367
-0.999914
0.999997
-0.998927
0.995446
-1.000000
-0.931035
0.676163
-0.992368
-0.948364
0.895980
-0.796313
-0.995704
1.000000
0.477978
-0.999998
-0.999153
-0.458123
-0.986769
-0.999751
-0.974977
0.999439
0.975640
0.900700
-0.947676
-0.999980
0.995638
0.996231
0.999430
-0.891793
-0.999990
-0.947162
-0.979993
-0.935813
-0.807190
0.589583
0.909677
-0.998301
0.986874
-1.000000
0.982455
-0.278086
-0.999880
-0.999985
-0.999135
-0.994337
0.951676
-0.990257
-0.999747
0.989502
-0.679901
-0.997648
0.999928
-0.999827
0.988537
-0.495295
-0.965922
0.677425
-1.000000
-0.999447
-0.999155
0.999159
-0.999999
-0.488425
0.999912
0.999998
0.762570
-0.999108
0.948689
0.408127
0.737684
0.993838
0.804054
0.389111
-0.102610
-0.982370
-0.884446
-0.999813
-0.997681
0.973540
-0.314868
-0.985023
-0.990766
0.933647
-0.852768
-0.930177
-0.444341
-0.994563
0.998699
0.999940
-0.640785
-0.999936
-0.777395
-0.860981
-0.912947
0.999155
-0.910158
-0.980282
0.451234
0.999946
0.920437
-0.919473
-0.486876
0.998016
0.981157
-0.976241
-0.972903
-0.647258
0.466102
0.999666
-0.505740
-0.999765
0.748941
-0.853389
-0.562573
-0.999041
-0.958854
-0.999971
-0.847045
0.999863
-0.989163
-0.999990
-0.931186
0.997971
-0.420638
-0.999393
0.983041
0.998424
-0.954315
-0.765422
0.999986
-0.850292
-0.889437
-0.999677
0.998852
-0.459867
0.786456
0.962952
-0.954306
-0.347971
-0.916923
0.999555
-0.237816
-0.999969
0.987975
-0.993747
-0.811136
-0.415554
0.434391
0.931692
-0.923651
-0.958227
-0.850427
-0.917298
0.999981
0.950516
-0.172167
-0.974465
-0.999999
0.774799
0.795254
-0.989743
0.976914
-0.992819
0.562840
-0.966372
0.999397
-0.999998
0.967227
-0.976526
-1.000000
-0.998216
0.948461
-0.695601
-0.456439
-0.999993
-0.999992
0.999938
0.995738
-0.971775
-0.999591
-0.984500
0.992518
-0.993491
-0.999998
0.419880
0.495567
-0.999991
-0.999852
-0.999948
0.017641
0.988871
0.996433
0.998242
0.866126
-0.961599
0.999996
0.937091
-0.099971
0.998210
0.014024
-0.996309
-0.964085
-0.998788
0.999907
-0.999998
0.995935
0.998991
-0.991506
-0.742661
-0.990462
0.967966
-0.936418
-0.999949
0.893950
-0.999785
0.997455
-0.999798
-0.989724
-0.999999
-0.999932
-0.969559
-0.999773
-0.921986
0.995036
-0.999821
0.997165
1.000000
-0.771498
-0.999983
0.900705
0.999992
0.611713
-0.999986
-0.987368
0.823903
0.760329
0.999844
-0.994022
0.999312
0.999721
0.667695
0.979052
-0.963163
-0.990478
-1.000000
-0.016544
0.816759
-0.999999
-0.999996
-0.999195
-0.999987
0.971883
0.998163
0.988455
0.999654
-0.992762
-0.989239
0.999815
0.999130
-0.857238
-0.999999
-0.973619
-0.308592
-0.999469
0.998248
0.999806
0.992913
-0.369306
0.999999
0.941894
-1.000000
-0.995791
0.884751
0.936832
-0.300691
0.891125
-0.987062
-0.999243
0.999989
-0.989527
-0.992061
0.115005
-0.890394
0.101078
-0.969732
0.944698
-0.999994
-0.946945
0.999701
-0.629267
-0.999997
0.824318
0.999996
-0.997046
-1.000000
0.988294
-0.621450
-0.999998
-0.999964
0.910876
-0.976611
0.922759
-0.999513
-0.999998
-0.642415
0.870688
-0.806562
-0.999815
-0.986467
0.992441
-0.996789
-0.999955
-0.997112
-0.999997
-0.999911
0.891343
0.999717
0.728060
0.980609
0.999767
0.999716
-0.993984
-0.984025
-0.973541
-0.827735
-0.215303
0.999458
-0.871382
-0.980565
0.994147
-0.964390
0.998219
-0.999850
0.817079
0.993127
0.505477
0.963570
0.999775
0.923063
-0.999314
0.953584
0.990179
0.491814
-0.771503
0.975873
-0.969095
-0.987599
0.998957
0.999476
0.973746
0.993304
0.927660
-0.992121
-0.992581
1.000000
-0.999099
-0.857521
0.999193
0.999409
0.999029
-0.998993
-0.993394
-0.249840
-0.457519
0.999873
0.989273
-0.968198
-0.608626
0.996321
-0.998826
-0.564561
-0.513647
-1.000000
-0.999996
0.999919
0.136530
-0.999999
-0.999352
0.982077
0.997938
0.960602
0.987264
0.999808
0.998066
-0.996698
0.999856
0.999018
-0.993908
-0.999759
-0.998978
0.983066
0.996226
-0.963162
-0.997411
-0.969334
-0.999815
0.999884
-0.552178
-0.999999
0.975632
0.672674
0.726080
0.994493
-0.998331
-0.055421
-0.843455
-0.998269
0.862494
-0.828227
0.997383
0.911647
0.999967
-0.826792
-0.999123
0.999725
-0.635243
0.517902
-0.999987
-0.982429
-0.948553
-0.999987
0.998848
-1.000000
-0.999599
-0.523462
-0.999999
-0.999999
0.399110
-0.526272
-0.819165
-0.999940
-1.000000
0.960650
0.788158
-0.996447
0.998110
-0.915408
0.982932
0.988063
-0.999502
-0.780014
-0.994917
-0.999996
0.582298
0.999622
-0.999746
0.923797
0.997737
0.940826
-0.289674
-0.042222
0.953214
-0.984954
0.994215
0.873822
-0.936567
-0.988209
0.909754
0.713438
-0.461348
-0.997814
0.999825
-0.541220
0.504957
-0.921863
-0.982185
0.999398
-0.999990
0.941927
0.245544
-0.786245
0.999814
0.871251
-0.999498
-0.993165
0.901088
-0.998590
-0.999962
0.976773
0.220196
-0.999247
-0.346534
1.000000
-0.842115
0.038528
0.300267
0.818413
-0.222753
-0.999695
0.985251
-0.968205
-0.999423
0.999583
0.999785
-0.998887
0.996603
0.298298
0.872353
-0.919671
-0.996131
-0.999998
-0.999781
0.999999
-0.774286
-0.999442
0.975110
-0.607152
0.729687
-0.828026
0.992917
0.992312
0.900540
-0.997235
0.978814
0.648500
0.779409
-0.999782
-0.997743
0.888740
0.683800
-0.917799
-0.999167
0.235424
-0.979507
0.967607
-0.391215
-0.999999
0.723398
-0.998526
-0.463303
0.824760
-0.997342
-0.997649
0.922653
-0.998344
0.826999
0.996346
0.989374
0.957333
0.924226
-0.907444
-0.999713
0.892710
-0.182592
-0.986167
-0.964086
-0.999958
0.625466
-0.932107
0.998628
-0.999999
-0.441620
-0.990595
-0.999998
-0.999991
0.999553
0.658511
0.997625
-1.000000
-0.999998
-0.937283
0.930501
-0.990570
0.999776
-0.510137
-0.961325
0.905186
0.465125
-0.973658
-1.000000
-0.998764
0.994309
0.568089
-0.689649
0.991049
0.999853
0.999779
-0.948455
-0.998942
-0.999152
-0.565597
0.307594
0.998819
-0.661256
0.986527
-0.998910
0.999668
0.999850
-0.987363
0.993109
0.999895
-0.737578
-0.889108
0.897244
0.999919
-0.997467
0.538636
-0.768577
0.746718
0.997749
0.998253
0.983009
-0.999728
-0.456795
0.753783
-0.998499
0.999186
0.632854
-0.997876
-0.999985
1.000000
-0.969495
-0.999294
0.971469
0.999700
0.997864
-0.999962
0.854025
-0.893594
-0.185539
0.999999
0.882245
-0.999912
0.999957
-0.944105
-0.999392
-0.950267
-0.916733
-0.999999
-0.069496
0.999996
0.911228
-0.986813
0.915212
0.999156
0.999909
0.769922
0.609878
-0.972349
-0.753968
-0.834490
0.999607
0.991074
0.500132
-0.999950
-0.999973
0.995390
-0.969941
-0.818579
-0.565133
-0.955127
-0.998470
0.999433
-0.921208
-0.999998
0.999575
0.918362
0.998394
-0.751139
-0.994151
-0.944627
-0.997140
-0.910696
0.664156
-0.995643
0.999951
0.907281
-0.998906
-0.996404
-0.997290
-0.996188
0.982393
0.997477
-0.849888
-1.000000
-0.999902
0.881685
0.995167
-0.999999
-0.954078
0.996431
-0.999997
0.674223
-0.911716
-0.628404
0.833096
-0.999928
-0.666982
-0.999955
-0.926493
0.988676
0.999690
-0.999984
0.996342
-0.749935
-0.928157
0.585373
-0.726909
-0.999846
0.904057
0.957199
0.592013
0.923948
0.968619
-0.998362
-0.877018
0.241390
-0.973624
-0.731304
1.000000
-0.999549
0.401910
0.328816
0.937440
0.999832
0.999989
-0.995671
0.988519
0.535574
-0.997221
0.999925
0.999528
0.538916
-0.347109
-0.381413
-0.999753
-0.997796
0.999966
0.966061
-0.867880
0.498331
0.165230
-0.995870
-0.015755
-0.997559
0.960011
0.971239
0.808901
0.999998
-0.973363
0.250687
-0.399494
0.999971
-0.790041
-1.000000
-0.996282
-0.323140
0.999389
0.162491
0.876522
-1.000000
0.951611
-0.999890
-0.884412
0.977685
0.999956
-1.000000
-0.998710
0.911670
-0.962794
-0.999298
-0.108532
-0.979002
-0.984523
-0.973957
-0.999849
-1.000000
-0.354807
0.999093
0.995700
-0.996540
-0.985262
-0.998762
-0.992653
-0.792708
-0.986749
0.994285
0.686645
-0.942674
0.990126
0.968765
-0.999914
-0.999997
0.904718
0.984769
-0.840374
0.509086
0.672406
-0.910081
0.999764
0.372349
0.983454
0.055501
0.548998
0.974184
-0.975397
0.140668
-0.934077
-0.818254
-0.999871
0.671736
0.973384
-0.994118
-0.999851
-0.999353
-0.957352
-1.000000
0.620158
0.995166
-0.999773
-0.211448
-0.088529
-0.999958
0.999996
-0.999408
-0.999997
-0.999215
-0.999918
0.820820
0.999703
0.998778
0.998185
-0.996655
-0.999053
0.996663
-0.186458
-0.999051
0.809114
0.248131
-0.921216
0.999864
0.991691
0.999202
0.893124
-0.965188
-0.999208
0.569547
0.999983
-0.992257
-0.895078
0.999917
0.795937
-0.176958
0.994842
-0.840019
0.999298
0.845244
0.661271
0.995679
0.998283
-0.985172
-0.999997
0.903717
-0.999885
0.994633
0.948555
0.536163
0.993210
0.999655
-0.895086
-0.982966
0.767146
-0.952566
0.976355
-0.997216
0.988797
1.000000
-0.858671
-0.927782
-0.996809
1.000000
-0.803801
-0.999941
-0.987762
-0.999887
-0.969178
0.988653
0.831647
-0.999660
0.885435
0.453635
-0.975771
-0.978055
0.802473
-0.999861
-0.999987
0.999992
0.977286
-0.997863
-0.890073
0.936470
-0.999993
-0.899500
-0.674170
-0.076723
0.673890
0.997741
0.951628
-0.946538
0.433128
-0.999807
-0.997990
0.913371
-0.383882
0.999989
-0.984261
0.998814
-0.998883
0.999998
0.872852
-0.999998
-0.961157
0.498017
-0.986510
-0.518654
-0.960318
-0.790043
0.614992
-0.934603
-0.626322
-0.993523
0.999991
0.999994
0.904159
0.999999
-0.993596
0.999362
-0.995539
0.998858
-0.999850
-0.985797
-0.996364
-0.999999
0.999967
-0.999991
0.996515
0.997584
-0.999992
-1.000000
0.999457
-0.953214
0.999597
-0.999980
-0.999520
-0.999524
-0.859623
-0.997723
0.999663
-0.833058
0.804427
-0.681612
0.989089
-0.134334
-0.999946
-0.996522
0.930572
-0.973482
-0.654323
0.993877
0.999991
0.999875
-0.986315
-0.999934
-0.969094
0.350473
0.999821
0.997857
-0.838026
0.887686
-0.999697
0.998465
0.586279
-0.973477
0.980712
0.999811
0.848320
-0.977617
0.914543
0.999898
-0.955592
-0.968320
0.846143
0.991674
0.999959
0.999877
-0.593366
-0.978551
-0.858491
0.934586
-0.997242
0.996103
0.435154
-0.990323
-0.999942
0.999999
-0.898138
0.068424
0.963343
0.944663
0.999401
-0.999772
0.966492
-0.920950
0.883431
0.999972
0.998116
-0.999045
0.978735
-0.972344
-0.886360
-0.991649
0.874886
-1.000000
0.993443
0.999996
0.930843
0.990053
0.968585
0.999820
0.993461
-0.648857
0.947820
-0.989270
-0.537883
0.984619
0.999983
0.999466
0.990395
-0.999909
-0.999877
-0.997955
-0.803798
-0.995249
-0.015134
-0.980800
0.994793
0.990506
-0.999409
-0.999999
0.999964
0.349706
-0.729806
0.985102
-0.958817
-0.999757
-0.956029
-0.992408
0.140501
-0.976753
0.999943
0.999949
-0.976911
-0.969355
0.960218
-0.936567
0.821385
0.999912
-0.996667
-1.000000
-0.999989
0.999876
0.991771
-0.999999
-0.995609
-0.868136
-0.999981
-0.995457
-0.999552
-0.998367
0.978732
-0.959689
-1.000000
0.995805
0.552207
0.997266
-0.925325
-0.484323
0.225896
0.739856
0.973105
-0.779549
-0.999926
-1.000000
0.964822
-0.996895
-0.996054
0.997531
0.914336
1.000000
0.014862
-0.617130
-0.995165
0.436424
0.992864
0.998672
-0.995939
-0.920968
-0.097278
0.992508
0.999994
-0.979151
-0.551810
-0.994483
0.879918
-0.542838
-0.948700
0.234074
-0.940839
-0.999843
0.933782
-0.995563
0.999994
0.998798
-0.167346
0.979998
-0.994181
0.999726
0.999909
0.997069
-0.633631
-0.687518
-0.989439
1.000000
0.996053
-0.998049
-0.105688
0.745526
0.865668
-0.999347
0.806037
-0.178014
0.935612
0.943672
-0.623864
0.965910
0.999806
-0.997635
-0.998557
-0.917302
0.950106
-0.999969
-0.999866
0.999920
-0.944330
0.997082
-0.713502
0.984887
-0.897833
-0.936350
0.999578
-0.227337
0.977826
0.999738
0.998796
0.986850
0.928586
-0.999964
0.916961
0.922359
-0.968016
0.496130
0.731631
0.990016
0.039545
0.997199
0.211404
-0.999999
0.858511
0.972171
-0.792102
-0.179399
0.980417
0.408599
0.948219
0.999097
-0.987867
-0.315086
0.999997
-0.431475
0.080754
-0.978970
0.735251
-0.998827
0.945124
0.992817
0.946271
-0.998552
-0.998129
0.972860
0.999898
-0.999999
0.995552
-0.999999
-1.000000
-0.999215
0.993548
0.922414
-0.999890
-0.998316
-1.000000
-0.965756
-0.912296
-0.992007
1.000000
-0.999989
0.994798
-0.996992
-0.999995
-0.963308
0.073957
-0.999994
0.999907
0.664782
-0.999995
0.313164
0.993913
-0.999933
-0.249707
0.999443
0.999858
0.982988
0.999890
-0.999973
-0.719103
0.849816
-0.997238
-1.000000
0.998528
-0.993417
0.924709
-0.919320
-0.399029
0.657045
-0.586175
-0.964412
0.758224
-0.999959
0.989809
-0.997987
0.999946
-0.999895
-0.993469
-0.130546
-0.232544
0.629964
-0.999390
-0.973429
0.998435
0.722617
0.998324
1.000000
-0.999866
-0.997003
0.985914
0.998438
0.962529
-0.999966
-0.997397
0.983206
0.937376
-0.999870
0.382012
-0.638389
0.690399
0.994700
0.918233
0.999506
0.952422
-1.000000
-1.000000
0.914152
-0.996325
-0.999480
-0.941766
0.999265
0.999985
0.875195
-0.999998
-0.992178
0.079138
-0.999402
0.797414
-1.000000
-0.982536
-0.999999
0.995936
0.995777
-0.999408
0.998139
1.000000
0.848316
-0.487215
1.000000
0.402601
-1.000000
0.419816
0.991895
-0.999999
0.593753
0.778803
-0.996739
-0.867171
-0.286086
0.997776
-0.999995
-0.946252
-0.022558
0.782420
-0.916455
-0.999971
-0.994289
-0.999991
0.987908
-0.919776
-0.954776
0.999689
0.907376
-0.999129
-1.000000
-0.999100
-0.999644
-0.999998
-0.999674
0.958818
-0.999723
0.978326
-0.988893
-0.999999
0.999175
0.978827
-0.949491
-0.999961
-0.999651
0.999927
-0.991657
-0.999248
-0.993053
0.741077
-0.999997
0.961665
-0.999922
0.543634
-0.942226
0.908570
0.972857
0.873347
0.988477
0.782330
0.289037
0.991471
-0.705206
-0.997360
0.833434
-0.859003
0.999613
0.995467
-0.988910
0.700572
0.568805
0.999803
-0.999686
0.886849
-0.998473
0.984576
0.999372
0.997870
-0.432856
0.999455
0.999813
-0.999012
0.953702
0.954953
0.999987
-0.918731
0.903274
0.904306
-0.985163
-0.930923
0.999999
-0.990547
-0.989917
0.547714
0.932382
-0.508070
-0.940675
0.994832
-0.933578
0.999043
-0.984122
-0.930641
0.964872
0.089835
0.132911
0.858464
0.993170
0.518563
-0.999999
-0.999985
0.998953
-0.778494
0.999646
-0.996062
-0.750863
-0.999529
0.803304
0.999802
-0.891966
-0.863054
0.607229
0.595640
0.807127
-0.994954
-0.999268
0.709876
0.998389
0.115092
0.408912
0.999978
-0.971723
0.970134
0.999853
0.925564
-0.999999
0.999695
0.932068
-0.985340
0.999442
0.874906
-0.999968
0.999696
-0.399254
0.455926
-0.716047
-0.996405
-0.837236
-0.887408
-0.996651
0.999937
0.843455
-0.999938
0.999925
0.958578
-0.999903
-0.336771
0.999638
-0.999493
-1.000000
0.922811
-0.988843
-0.999999
-0.997623
0.998622
-0.982866
0.999724
-0.999951
-0.999976
-0.999834
-0.046201
-0.988724
0.999778
0.984336
0.942491
-0.902297
-0.992392
0.994898
-0.999797
-0.999591
0.997235
0.965981
-0.606967
0.994380
0.999959
0.999989
-0.422490
-0.999825
-0.999303
0.629116
0.999975
0.999743
0.761584
0.998650
-0.997548
0.983790
0.999946
0.371382
0.999696
0.995067
0.948448
0.287527
0.933207
0.980824
-0.986989
-0.669907
0.677869
0.902851
0.999977
0.964104
0.626881
-0.940633
-0.776110
0.968248
-0.958719
0.999787
0.990539
-0.996227
-0.999589
1.000000
-0.749880
0.915632
0.939001
0.999407
0.987953
-0.999915
-0.893364
-0.910793
0.995642
0.999996
-0.044403
-0.999972
0.999737
-0.863988
-0.977385
0.603312
0.631492
-0.999999
-0.998660
0.999910
0.980227
-0.995213
0.930481
0.998646
0.999754
0.942646
0.999543
-0.995821
-0.919037
0.433795
0.999424
0.996835
0.892699
-0.998153
-0.991796
-0.829433
-0.996284
-0.813806
-0.221906
-0.293462
0.287827
0.998950
0.508394
-0.999997
0.964984
0.445317
0.185815
0.996514
-0.999714
-0.961409
0.992192
-0.953084
0.348237
-0.980641
0.999955
0.999882
-0.992976
-0.999601
-0.986478
-0.924209
-0.160092
0.999835
-0.999071
-0.999999
-0.999905
0.996769
0.940126
-0.999998
-0.996515
-0.787502
-0.990456
-0.999760
0.970621
0.965565
-0.994998
-0.683571
-0.554823
0.882537
0.997521
-0.641304
0.977236
0.796890
0.867910
0.999794
-0.854668
-0.999239
0.527588
-0.994571
0.999856
0.140882
-0.833882
-0.087286
0.999182
-0.915010
-0.995208
-0.971881
-0.990466
-0.847487
-0.975065
-0.929796
0.948058
-0.967128
-0.954024
0.299775
0.997088
-0.745951
0.996071
-0.647532
0.927760
-0.986706
-0.738221
0.126573
-0.877911
0.992957
-0.993463
0.978695
0.998865
0.798736
-0.996778
0.992213
0.999995
-0.441945
-0.996513
0.846486
0.992820
-0.932114
-0.996355
0.999422
-0.849478
0.976357
0.438842
0.785693
-0.957461
-0.962075
0.999441
-0.997859
-0.867699
0.905924
0.982718
-0.745301
0.479621
0.937632
-0.005661
-0.986693
0.192752
-0.999989
0.802640
0.999982
0.996565
0.995885
0.999982
0.874344
0.999821
-0.952665
-0.752178
-0.980589
0.676117
0.922069
0.996402
-0.985593
-0.970821
-0.992521
-0.967379
-0.943368
0.992622
0.985862
0.815472
-0.588881
-0.997170
0.961994
-0.817392
-0.999271
0.999910
-0.995486
0.962640
0.982526
-0.965221
-0.966979
-0.018504
-0.999212
0.924851
0.997619
0.975869
0.560187
-0.950142
-0.986292
0.998093
0.185546
0.425482
-0.634334
-0.995418
-0.999964
-0.984540
0.690253
0.999270
-0.997792
-0.995178
-0.983237
-0.999999
-0.998401
0.975726
-0.854642
0.996681
-0.999938
-0.999999
-0.881234
0.845569
-0.970739
-0.999905
-0.994664
0.990118
-0.998887
-0.999991
-0.927675
-0.999989
-0.999843
0.989114
0.998946
-0.185038
0.871286
0.998734
0.999810
0.538025
-0.993251
-0.998150
-0.743611
-0.980166
0.999563
-0.967245
-0.920390
0.995335
-0.099705
0.983830
-0.999924
-0.796426
0.993098
-0.760546
0.613217
0.999763
0.574632
-0.994277
0.966909
0.922999
0.382133
0.815862
0.999260
-0.636632
-0.999320
0.998957
0.999866
0.979998
0.989780
0.979085
-0.996471
-0.999384
1.000000
-0.967648
-0.998688
0.999308
0.999759
0.997259
-0.979956
-0.421790
0.414703
-0.903879
0.991075
0.876817
-0.984318
0.287679
0.997923
-0.999808
0.436014
-0.657571
-1.000000
-0.999999
0.999984
-0.994849
-0.999980
-0.999960
0.995465
0.936983
0.923835
0.997060
0.999915
0.895785
-0.980732
0.999166
0.999342
-0.993260
-0.999970
-0.917191
0.999668
0.999308
0.247598
-0.839296
-0.816194
-0.999905
0.999583
-0.632286
-0.999999
0.993102
0.499793
-0.818377
0.986897
-0.314830
-0.803378
-0.778898
-0.997292
-0.440227
-0.966725
-0.225985
0.775677
0.999567
-0.507828
-0.999865
0.999968
-0.992875
0.907135
-0.999784
-0.897099
-0.900076
-0.999919
-0.959233
-1.000000
-0.999927
-0.560788
-0.999989
-0.999996
-0.215083
0.994302
-0.999965
-0.999991
-0.793461
-0.329277
0.871736
-0.999801
-0.998726
-0.995905
0.999955
0.935704
-0.998752
-0.996567
-0.999584
-0.994671
0.316938
0.987631
0.999998
0.954146
0.999986
-0.999985
-0.977170
0.997527
0.972832
-0.803846
-0.434260
-0.997738
0.969396
-0.999681
-0.998777
-0.875836
0.310371
-0.999753
0.967828
0.990006
-0.837733
0.990117
-0.682148
-0.990620
-0.998573
0.874602
-0.939398
-0.860918
-0.858046
-0.197821
-0.999806
-0.619496
0.999770
-0.999613
-0.999418
-0.970199
-0.977820
0.338249
-0.170299
0.999994
-0.999899
0.982590
0.597695
0.954696
-0.918735
-0.067347
0.992278
-0.995983
0.840250
-0.761513
0.995369
-0.998836
-0.999962
0.424755
0.999708
-0.998783
-0.935640
-0.999909
-0.772136
0.998682
-0.496264
-0.999823
-0.976074
-0.999811
0.919164
0.929590
-0.999663
0.999991
0.732553
-0.999836
0.999945
0.154947
-0.999982
-0.946374
-0.999861
-0.241069
-0.907728
-0.937560
0.987032
-0.964967
0.987434
0.881451
0.998858
-0.999893
0.928085
-0.991749
0.983560
0.985303
0.647594
-0.994091
0.628771
0.471987
0.999957
0.767645
-0.999929
0.921418
0.999631
-0.980952
0.999608
0.975513
-0.980586
-0.617148
-0.991960
-0.998228
0.964500
-0.988975
0.998292
-0.999999
-0.623757
-0.997033
-0.999997
-0.993690
-0.129365
-0.991264
0.994423
-0.891441
-0.999999
0.900453
-0.998950
-0.996634
0.644303
-0.993334
0.999641
0.922856
-0.996810
-0.310074
0.194161
-0.999702
0.956723
0.033443
0.956710
0.034883
0.998693
0.999028
-0.892401
0.984628
-0.622072
-0.945389
0.999996
-0.925754
0.907080
-0.957113
-0.959728
0.781672
0.999806
-0.114437
-0.656739
-0.979259
0.985488
0.992740
0.990854
0.583943
0.999815
0.953391
0.556590
0.984253
0.999919
0.994710
0.688883
0.998484
0.619032
0.991851
0.386594
-0.988233
0.999865
0.998278
0.999830
1.000000
0.999059
-0.999559
0.998181
0.462988
-1.000000
-1.000000
0.999322
-0.991613
0.526881
-0.956918
-0.862009
-0.792475
-0.388410
0.999642
0.999922
-0.996879
-0.647945
-1.000000
-1.000000
0.999911
0.984358
0.979327
0.965325
0.861588
-0.999689
-0.899293
-0.946293
0.934667
0.705156
0.510052
0.795150
0.104208
-0.955864
-0.999365
-1.000000
0.999593
0.998388
-0.714027
0.999988
-0.405677
-0.999967
0.999999
-0.998007
-0.999998
-0.573056
0.971262
0.521283
0.999975
-0.549510
0.469652
-0.946435
-0.999008
0.999882
0.914861
0.992356
0.998399
-0.971969
0.895802
0.998480
-0.978328
-0.998636
0.994438
0.999934
-0.107954
-0.970373
-0.609964
0.998631
-0.999996
0.135042
-1.000000
-1.000000
-0.999986
-0.829471
-0.895663
-0.999697
0.679166
-0.999995
-0.999401
-0.999988
0.024759
0.999997
-0.999995
0.998497
-0.898927
-0.999753
0.648297
0.854199
-0.999807
0.999787
0.937679
-0.908523
0.991670
0.963403
-0.996849
0.566436
-0.270148
-0.996727
0.895676
0.989058
-0.997944
-0.708073
0.142088
-0.733275
-0.999898
0.997380
0.786981
0.995198
-0.774410
-0.999712
-0.997169
0.779091
0.997554
0.999555
0.970092
0.846425
-0.344273
0.999985
-0.981664
0.777373
-0.920772
0.999622
0.999999
-0.999586
-0.996073
0.994194
0.999160
-0.265346
0.999999
-0.999986
-0.999947
-0.542722
0.989188
-0.168192
-0.999880
-0.994858
-0.970011
-0.999466
-0.999991
0.996785
0.996379
0.667292
0.987495
-0.795491
-0.750578
0.994722
-1.000000
-0.999999
0.998245
-0.995223
0.974390
0.172176
0.953113
-0.971680
-0.986676
-0.499370
0.356339
0.992863
-0.882246
0.997008
0.965220
0.927642
-0.733150
-0.999999
0.980717
-0.945362
0.990571
0.999993
0.999472
0.839915
1.000000
0.631397
-1.000000
0.984810
0.100144
-0.999996
0.993339
0.999842
-0.999959
0.816856
-0.944733
0.960409
0.999915
-0.998535
-0.999724
-0.999873
-0.999881
-0.999304
0.998828
-0.999957
0.910471
-0.889529
-0.999988
-0.677318
-0.308282
-0.988778
-1.000000
-0.939482
-0.935184
-0.999997
-0.974525
0.994920
-0.862191
-0.999981
-0.998288
-1.000000
0.997613
0.995191
-0.437856
0.998997
-0.927770
-0.058607
0.799613
-0.984693
-0.825495
0.066357
-0.999694
0.993571
0.561494
0.999493
0.228438
0.818119
-0.997552
0.391030
-0.696441
-0.250448
0.960360
0.999744
-0.999925
-0.766657
-0.987655
-0.970274
0.340975
0.999887
-0.716516
0.975633
-0.997448
-0.945102
-0.999236
0.536269
0.999679
-0.899628
0.681467
0.994894
0.859530
0.995950
-0.997730
-0.866054
0.993912
0.998081
-0.820820
-0.271833
-0.861627
0.996169
-0.851062
0.894864
1.000000
-0.028509
-0.978327
0.974914
0.999433
0.638294
-0.999998
0.944430
-0.952243
0.904276
0.998802
0.818099
-0.973251
0.999038
0.989308
0.491436
-0.853373
-0.986792
-0.999997
-0.999552
0.999881
0.988037
-0.995502
-0.618657
-0.807446
0.979133
0.952799
-0.999984
0.600434
-0.998717
0.259093
0.998277
0.582838
0.640013
-0.987814
-0.999998
0.509134
0.933106
0.965235
0.876579
-0.933528
-0.999993
0.999934
0.988418
-0.999996
0.013868
0.999916
0.999952
0.764089
-0.622496
-0.992593
-0.863416
-0.971844
-0.993174
-0.301963
0.999709
-0.985045
-0.977898
-0.981922
0.838993
-0.999922
0.026887
0.821725
0.954922
-0.999923
-0.584158
-0.995218
0.976466
-0.999998
0.043055
-0.998216
-0.999999
-0.541151
0.979633
-0.996134
-0.902201
-0.998721
-1.000000
-0.987048
-0.797150
0.112034
0.999219
-0.999932
-0.818557
0.794695
-0.999415
-0.636949
0.991942
-0.999325
0.999858
-0.500172
0.824988
0.985402
0.999916
-0.999755
0.049833
-0.998487
0.638663
-0.997348
0.999820
-0.997147
-0.230139
-0.989480
0.469148
-0.777966
0.999385
0.454519
-0.146010
-0.970044
0.981313
-0.779437
-0.977556
-0.985864
-0.379764
0.999955
0.963300
0.998074
0.999739
0.134508
-0.970305
0.999978
0.984644
-0.999326
0.978283
-0.998954
0.999706
0.769267
0.997585
0.999999
-0.994201
-0.999673
-0.972808
0.999241
0.996583
-0.999461
0.688120
0.406652
-0.827534
0.990352
0.995672
-0.069002
0.767024
-0.374687
0.861590
0.107239
0.999765
-1.000000
-0.999993
1.000000
0.998296
0.790006
0.999606
0.057830
-0.989536
0.998999
-0.999431
0.612383
0.020191
0.966986
0.998766
-0.354582
0.998211
-0.971368
-0.999986
0.994453
-0.451014
-0.950197
0.999985
-0.036801
-0.241275
1.000000
0.964715
-1.000000
-0.980014
-0.999848
-0.998055
0.995598
-0.851772
-0.999953
0.977368
-0.997553
0.919585
0.997013
0.880085
0.989144
0.999269
-0.966800
0.886441
-0.994491
-0.999880
0.772480
0.975460
-0.994934
-0.985785
0.327918
0.999710
-0.999999
-0.942988
-0.777154
-0.999993
0.940743
-0.998769
0.207816
0.999938
0.978397
-0.999997
0.956652
0.391061
-0.993811
-0.985141
-0.999906
0.999603
-0.105189
-0.979766
0.936990
-0.999940
-0.999998
0.999726
-0.995661
-0.999997
0.986324
0.966116
1.000000
0.973120
0.256671
-0.999971
0.922248
-0.982453
0.991170
0.978506
-0.915979
-0.738633
0.972846
0.999947
-0.953554
-0.065348
-0.955591
0.944360
-0.979820
0.637057
-0.660248
0.995480
-0.980295
-0.746442
-0.262199
1.000000
0.999991
-0.383347
0.982441
-0.188942
0.999978
0.655686
0.998576
0.113247
-0.992675
-0.992950
0.999999
0.992012
-0.997663
0.810011
-0.720551
-0.292174
-0.991958
0.967587
0.984480
0.921576
0.999896
-0.947205
0.953401
0.999829
-0.984669
-0.980221
-0.961171
-0.999058
-0.999990
-0.977704
1.000000
0.972959
0.964802
0.957350
0.895686
-0.976758
-0.428210
0.999994
-0.304298
0.896087
0.999893
0.997737
0.974018
-0.912781
-0.999999
0.980699
0.941932
-0.976533
0.987812
0.986054
0.974462
-0.322989
0.988867
0.999808
-1.000000
-0.945684
-0.737030
-0.945723
0.829367
0.476800
-0.106910
0.993036
0.991973
-0.882759
0.970011
0.999999
0.996374
0.506558
-0.876878
0.961426
-0.995956
0.990040
0.849875
0.305994
-0.999095
-0.881973
0.963566
0.998678
-1.000000
-0.447705
-0.566499
-0.999997
-0.897199
0.967479
0.996773
-0.997249
-0.708458
-0.999997
0.999990
0.933075
0.827651
0.707393
-0.987204
0.728128
-0.987097
-0.998379
0.073219
-0.999462
-0.999970
0.801870
0.999553
0.986459
-0.051346
0.933415
0.988974
-0.588753
-0.841407
0.999563
0.932788
0.992900
-0.667995
-0.946596
0.984260
-0.984881
-0.937653
0.999999
-0.979367
-0.988843
0.987745
-0.024208
-0.999983
-0.999947
0.986395
-0.990906
-0.990414
0.988574
-0.988191
-0.797649
-0.997555
-0.561973
0.780441
0.967882
-0.995749
0.998730
0.950315
0.999031
-0.990082
0.860300
1.000000
0.988880
-0.787346
0.810521
0.993577
0.960134
-0.999999
-0.996489
-0.999998
0.901660
0.191830
0.823894
-0.961886
0.173746
0.787714
-0.721390
-0.237895
-0.673270
-0.999996
-0.999733
0.922409
-0.546657
-1.000000
-0.250308
0.945814
0.995734
-0.969700
-0.987035
0.779737
-0.883992
-0.990502
0.996310
-0.983946
-0.794660
-0.977023
-0.999987
-0.792039
0.600273
-0.954382
0.319354
-0.418348
-0.994209
0.996907
-0.983716
-0.999877
0.587709
-0.883160
0.988698
0.924489
-0.814968
-0.985073
-0.999598
-0.694195
-0.945034
-0.558282
0.993441
-0.994715
-0.736823
-0.955998
-0.998898
-0.997102
0.637986
-0.999669
0.952350
-0.926112
-0.588285
-0.999313
0.918711
-0.999996
-0.975575
0.964712
-0.999998
-0.999826
-0.297586
0.976505
-0.999485
0.409681
-0.999998
0.154415
0.999880
-0.997376
0.999105
-0.999588
-0.618225
-0.997811
-0.997873
-0.626322
0.118435
-0.999971
0.970883
0.999699
-0.175080
0.936979
-0.819245
-0.998617
0.198971
0.995287
0.993805
-0.826986
-0.979370
-0.999902
-0.999442
-0.999996
-0.994747
-0.996989
0.999999
-0.983867
0.720828
-0.747316
0.623551
-0.999515
-0.987549
0.998417
-0.999486
0.815769
-0.440722
0.866680
0.647453
-0.944168
-0.997629
0.988829
0.986343
-0.986028
-0.996533
-0.867227
-0.155724
-0.999995
0.999291
0.999999
0.806899
-0.972611
0.999721
0.992253
0.971479
-0.998870
0.893131
-0.541350
-0.679727
0.998506
0.838920
-0.980869
0.686804
0.987923
0.950655
-0.474012
-0.999973
-0.999999
-0.974525
0.995197
0.997968
-0.999021
0.951198
-0.998892
0.999920
0.431186
-0.999990
0.914948
-0.996371
-0.999057
0.993820
-0.916135
0.178164
-0.999936
0.237964
0.989701
0.998321
-0.316803
0.984000
0.422082
-0.999999
0.993512
0.999344
-0.999999
-0.052941
-0.728599
0.999772
-0.704061
0.590570
-0.648469
0.915594
0.013451
-0.747322
0.767751
0.998191
0.998064
0.990745
-0.979927
-0.989938
-0.999918
0.992405
-0.652639
-0.133492
-0.999035
0.664761
-0.956281
0.997654
-0.999999
-0.999910
0.933380
-0.999999
-0.997206
0.991142
-0.697996
0.623805
0.999423
-0.999904
0.901346
-0.999952
0.238540
-0.996994
0.584782
0.999964
-0.974931
-0.998709
0.375687
-0.936893
-0.999502
0.047330
-0.999376
-0.999996
0.918515
-0.980329
0.999965
0.996185
-0.755446
0.999921
-0.999052
0.999655
0.997413
0.324469
0.874167
-0.450432
-0.991516
-0.019926
0.767032
0.999757
-0.997705
-0.903096
-0.967177
0.992149
0.980081
-0.992538
-0.999267
0.999359
0.097594
0.999999
-0.922505
-0.554841
-0.557201
-0.995360
0.999998
0.874631
0.998939
0.999075
-0.998964
0.978018
0.999538
0.999380
-0.992337
-0.667202
-0.851080
0.999825
-0.999885
-0.823746
0.787076
0.213826
0.999138
-0.678350
0.988776
0.999900
-0.997189
0.999381
0.990038
-0.972508
-0.999876
-0.996438
0.999982
-0.208570
0.869251
-0.269248
0.978045
0.983359
0.905681
0.999992
0.999841
0.999530
-0.827430
0.948889
-0.994980
0.999786
-0.999971
0.676417
-0.409907
-0.998075
-0.195268
0.998402
0.547385
-0.988291
0.998426
-0.998249
-0.999973
-0.994353
0.949813
-0.997532
0.990718
-0.077843
-0.947188
0.991649
-0.767406
-0.999013
-0.997017
1.000000
0.999675
-0.999602
-0.230971
-0.643490
0.979709
-0.999998
-0.893914
-0.999868
-0.967578
-0.999848
0.999980
0.996980
-1.000000
0.907022
-0.774482
-0.999983
-0.970167
0.988482
-0.998255
0.999998
-0.445044
-0.999732
0.992786
-0.999978
0.035028
-0.991367
0.976486
0.999983
0.115274
-0.999989
0.379765
-0.664468
-0.999996
-0.304943
-0.994890
-0.999766
-0.698456
-0.881158
1.000000
0.973895
-0.443810
-0.999910
-0.672775
0.140566
0.992885
-0.932341
-0.809315
0.021370
0.999968
0.870019
-0.786221
-0.798269
-0.999812
0.996242
-0.961633
0.754512
0.998434
0.999950
-0.976444
-0.999816
0.998178
0.999995
0.999999
0.145961
0.999561
-0.995906
0.999962
0.103625
0.997374
-0.999988
-0.915775
-0.931500
0.999992
0.999992
-0.999671
-0.831649
0.999959
-0.664154
-0.999137
0.963454
-0.956690
-0.684228
0.997340
-0.999996
0.992082
0.998735
-0.998372
0.998635
-0.975213
-0.911551
-0.998947
-0.999880
0.867882
0.952289
0.998784
0.982262
-0.963685
-0.999997
0.965355
0.999535
0.837546
-0.952902
0.999670
0.999802
0.999937
-0.147495
-0.999897
-0.968539
-0.026298
0.999749
-0.431044
-0.970388
0.807039
-0.793295
0.999971
-0.070176
-0.999994
-0.999193
0.837580
0.122216
-0.972596
0.977106
0.321277
-0.816925
0.997559
0.017578
0.989654
0.999965
0.999991
-0.567170
-0.559352
0.971451
0.999148
-0.997268
0.999259
-0.661962
-0.978120
0.754567
0.985345
-0.592079
-0.999998
0.996589
-0.990961
-0.999999
-0.989248
0.610530
-0.998019
-0.332523
-0.999828
-0.999891
-0.959483
0.982538
0.903250
0.999203
0.997974
0.994519
-0.993432
-0.999999
-0.977875
0.850312
-0.999680
0.999999
0.996786
-0.998798
0.913542
0.909820
-0.964664
-0.446821
-0.986000
-0.998442
-0.943410
0.436729
-0.999671
0.363969
0.961226
0.742746
0.853304
0.990057
0.710556
0.995035
-0.999836
0.874798
0.999932
0.731379
-0.604870
-0.999729
-0.924207
0.980998
-0.983289
0.976659
-0.692763
-0.924704
0.999237
-0.989295
-0.707278
0.999998
-0.566377
0.998506
-0.999414
0.960591
0.999993
-0.635818
-0.873829
0.995970
0.997372
0.766572
-0.999980
-0.992257
0.998517
0.995349
-0.840382
0.997636
-0.943639
0.998871
-0.775665
-0.833665
0.880993
0.998266
-0.999998
-0.999978
0.999973
0.982037
-0.841813
0.997968
0.758056
-0.456647
0.993065
-0.922252
-0.992141
0.999628
0.993886
0.971939
-0.991627
0.999510
-0.999992
0.965057
0.730745
-0.485705
0.989321
0.999837
0.913258
-0.991923
0.996898
-0.918191
-0.999984
0.595993
0.970176
-0.999967
-0.897214
-0.999601
-0.982553
0.852398
-0.996175
-0.982862
-0.999584
0.999902
0.978648
-0.999533
-0.929557
-0.999886
0.529363
-0.999984
-0.958716
-0.944688
-0.819915
-0.838254
-0.999275
0.994977
-0.999999
-0.940155
-0.999963
-0.999940
-0.820300
0.419914
0.767822
-0.989210
-0.304714
-1.000000
0.586914
-0.269733
0.999992
0.997919
-0.999934
-0.725596
0.198311
-0.999946
0.024051
-0.938528
-0.999983
0.998542
0.998326
-0.639327
0.992720
0.998313
-0.909892
-0.988998
-0.989483
0.840111
-0.831292
0.999669
-0.993861
-0.949142
-0.371101
-0.997942
-0.909031
1.000000
0.880967
-0.431431
-0.999993
-0.659352
0.579787
0.973163
0.978763
0.294081
0.814546
0.996493
-0.075390
0.995620
-0.996172
0.951352
0.989533
0.299297
-0.938938
0.999391
-0.950342
0.999971
0.999895
0.998475
0.999999
-0.996778
-0.997694
-0.985609
0.999822
0.999736
-0.999978
-0.998329
-0.996359
-0.929047
0.988768
0.943127
0.999999
0.999588
0.520811
0.997008
-0.912553
-0.935788
-0.999999
-1.000000
-0.073255
0.999853
-0.990576
0.998593
0.921665
0.999999
0.967058
0.199361
-0.909413
0.997325
0.285669
-0.679374
0.600065
0.999946
-0.995165
-0.999988
0.998292
0.733175
0.994258
1.000000
0.980673
-0.999990
0.999999
-0.308548
-1.000000
-0.999999
-0.993351
0.175870
0.997066
-0.518153
0.281211
0.998548
-0.066805
0.999924
-0.974448
0.991086
-0.979683
0.948254
-0.953375
-0.991940
-0.745244
-0.999961
-0.530730
0.996198
-0.988357
-0.716853
-0.999397
0.999964
-0.999999
0.999718
0.990095
-1.000000
-0.999191
-0.797906
-0.994763
0.985641
-0.999953
-0.999939
0.996511
-0.979140
-0.885852
-0.939042
0.926858
0.999997
0.954561
-0.999996
-0.630568
-0.999956
-0.999880
-0.999973
-0.854014
-0.971253
0.999966
0.999240
0.998011
-0.987207
-0.998855
0.999997
-0.866810
0.999263
0.989221
-0.700230
-0.992427
-0.999907
-0.997128
0.988777
-0.999997
0.998910
0.995158
0.998348
-0.993098
0.974518
0.999913
-0.999995
-0.999783
-0.147788
-0.996695
0.958252
-0.998697
0.989786
-0.995989
-0.999958
-0.864779
-0.998991
-0.999472
-0.446874
-0.979496
0.999975
0.999999
-0.999990
-0.999856
-0.200839
0.999986
0.999793
-0.999974
-0.999887
0.941793
0.955583
0.999911
0.985601
0.999577
0.999128
0.607403
1.000000
-0.999771
-0.999835
-0.999997
-0.989461
1.000000
-0.981978
-0.999981
-0.644057
-0.997225
0.991604
0.966438
0.870822
0.997327
0.986912
-0.999994
0.999994
0.999552
0.957289
-0.999999
-0.999997
-0.921049
-0.996181
0.984473
0.986124
0.996831
0.212956
0.999327
-0.973404
-1.000000
-0.999930
-0.993757
-0.561122
-0.982622
-0.998469
-0.999965
-0.678327
0.997055
0.786173
-0.998452
1.000000
0.831133
-0.993277
-0.997898
0.949962
-0.993211
-0.999850
-0.976676
-0.999495
-0.999994
0.995703
0.995423
0.999866
-1.000000
0.999060
-0.716848
-0.999996
-0.985297
-0.992458
-0.753918
0.999991
0.871903
-0.999999
0.994409
0.532292
-0.986666
-0.994082
-0.997798
0.994270
0.746344
-0.981892
-0.860453
-0.999306
-0.999998
0.997244
-0.997092
-0.998875
0.997380
0.953270
0.999999
-0.002117
0.989980
-0.999719
-0.998019
-0.521775
0.948307
0.580610
-0.997022
-0.502938
0.999867
0.999565
-0.732821
0.985284
-0.998857
0.977760
-0.921808
0.967361
-0.962612
-0.913308
-0.975392
0.088521
-0.456256
0.999996
0.999884
0.090369
0.998806
-0.905377
0.999898
0.992729
0.972978
0.902820
-0.961583
-0.877708
0.999997
0.996564
-0.933607
0.607366
0.842419
0.542086
-0.999151
0.991129
-0.938019
-0.964106
0.991669
0.908109
0.975326
0.999834
-0.996538
-0.989585
-0.987953
0.371132
-0.999965
-0.999975
0.999999
0.954535
0.999926
0.997692
0.831701
-0.836423
-0.815124
0.999958
-0.932609
0.998285
0.999743
0.953664
0.992395
0.905814
-0.999996
0.123748
0.986646
-0.805923
0.410233
0.996258
0.737043
-0.958432
0.822929
-0.767106
-0.999994
0.896942
0.281303
-0.997063
0.570770
-0.763297
0.958205
0.996908
0.992102
0.075338
0.584913
0.999999
0.979656
-0.997609
-0.863778
0.997494
-0.388155
-0.969288
0.907421
0.460531
-0.997926
-0.999858
0.990899
0.996158
-0.999999
0.477701
-0.606904
-0.999998
-0.976750
0.885721
-0.983727
0.991663
0.983331
-0.990402
-0.999483
-0.997967
0.849859
0.999988
0.915706
0.999979
0.878656
-0.999896
-0.854608
0.996423
-0.986059
0.619410
-0.712960
-1.000000
-0.970185
0.853619
0.999998
0.825161
-0.922129
-0.876298
0.975109
0.997432
0.975157
0.997197
0.999994
-0.987464
-0.999150
0.973910
-0.013719
0.762654
-0.999091
0.464854
-0.771089
0.978752
0.999213
0.977226
0.996059
0.632000
0.999809
0.999959
0.998339
0.334631
0.998795
0.990818
0.999931
-0.918811
0.999570
0.999921
0.957071
-0.994166
0.999997
0.999992
-0.999576
-0.981876
0.995237
0.583089
-0.999968
-0.999474
-0.896777
0.999194
0.999990
-0.999710
0.995989
0.999984
-0.816909
1.000000
0.988603
-0.361583
-0.999986
-1.000000
0.999976
0.999993
-0.019125
0.337718
0.999981
-0.632281
0.999555
-0.693549
-0.179965
0.988761
-0.187746
0.992774
0.998743
0.805601
-1.000000
-0.997400
-0.987696
0.986020
-0.999412
0.999414
-0.879044
-0.996639
1.000000
-0.693888
-0.999998
-0.944179
-0.992539
-0.792059
0.627270
0.712806
-0.989649
0.768985
-0.998995
0.983926
0.999064
1.000000
-0.902179
0.960377
-0.999913
-0.999539
0.999604
0.232766
0.998200
0.983430
-0.999998
-0.999984
0.828307
0.998571
-0.999978
0.466461
-0.793691
-0.999722
-0.940530
-0.934228
0.982275
-0.994756
-0.426394
-0.273698
0.999972
0.942334
-0.999941
-0.526308
-0.961359
0.541183
0.603531
-0.999277
-0.932726
0.931771
-0.997559
-0.610672
-0.953649
0.437375
-0.860322
1.000000
0.925193
-0.991334
0.454156
0.948969
-0.987954
0.999971
-0.996062
0.872583
-0.960121
-0.910913
0.654531
0.999003
-0.866227
-0.032049
-0.572660
0.696737
0.180969
-0.717898
-0.966139
-0.999493
0.974056
0.805562
-0.186730
0.998578
0.995450
-0.997823
0.412808
0.976721
-0.999259
0.541564
0.986703
0.999995
-0.940497
0.990503
0.999643
0.998557
-0.612075
0.984330
0.998972
-0.434527
-0.999953
0.998964
-0.999350
0.673464
-0.208079
0.996579
-0.999207
-0.999661
0.940425
-0.705109
0.798901
-0.996102
-0.999999
-0.453345
0.999953
0.875237
-0.979506
0.995593
-0.609998
0.464092
-0.987795
0.853805
0.988487
-0.998365
0.804324
0.801251
-0.994532
-0.999632
-0.917943
-0.999876
0.989388
-0.728096
0.886436
0.999994
-0.985641
-0.806439
0.998784
-0.981973
-0.999998
-0.923402
0.203485
0.998193
0.996940
-0.969133
-0.402947
0.994392
0.948956
0.914068
0.721060
0.807261
-0.573317
-0.937471
-0.944997
0.999725
-0.995680
0.624574
-0.984120
0.998288
-0.998633
-0.957439
-0.941995
0.000051
-0.999971
-0.010037
0.305693
-1.000000
-0.957542
0.736558
0.079353
0.976993
-0.999868
-1.000000
-0.999875
-0.558627
-0.999094
-0.597277
-0.721339
0.999983
-0.985078
-0.997566
-0.987779
-0.999951
-0.999998
0.286860
-0.999703
-0.999955
-0.371194
-0.247238
0.997074
0.894079
0.859261
-0.942814
0.756275
-0.975927
0.794408
0.623723
0.979909
-0.997705
0.987047
-0.754821
-0.999508
0.956459
0.992336
0.990281
0.436927
0.613783
0.868803
-0.979383
0.991610
0.933776
-0.984168
0.979790
0.999504
-0.983265
-0.998848
-0.733965
-0.936107
-0.093202
0.992171
-0.959975
-0.999999
0.997902
1.000000
-0.625625
-0.971372
0.375780
0.999616
0.482703
-0.988233
-0.953692
0.995027
0.826893
0.999902
0.734885
-0.999950
0.999835
0.973628
0.960327
0.864909
-0.912454
-1.000000
-0.999992
0.999999
0.866197
-0.999828
-0.800347
-0.432548
-0.823543
0.997864
0.995724
0.731702
-0.559716
0.998910
0.999996
0.856501
0.700529
-1.000000
0.990669
-0.998799
0.479762
-0.457531
0.881069
0.047673
-0.935895
0.970419
-0.259951
-1.000000
0.017869
0.988618
-0.979635
-0.467216
-0.999998
-0.944311
0.801853
0.922363
-0.999418
-0.984288
0.999930
0.955892
-0.995026
-0.999692
-0.999417
-0.251363
-0.999295
0.914270
-0.524039
-0.999943
0.985983
-0.968657
0.604461
-1.000000
0.992513
-0.781575
-0.999999
-0.964872
0.996504
-0.495002
0.999027
0.968659
-0.998744
-0.999768
0.689874
-0.965465
0.999997
-0.978427
0.885436
-0.390451
-0.999678
-0.505796
0.728632
-0.999872
0.998990
0.989703
-0.999999
0.995403
0.935108
0.998374
0.217094
0.996832
-0.999473
-0.996405
0.425102
-0.036592
0.991476
0.866895
0.805177
-0.976667
0.999425
-0.677006
0.810941
-0.996555
0.735200
-0.149948
-0.931595
-0.973024
0.484259
-0.285854
-0.656728
-0.897472
0.999030
0.999390
-0.810346
0.999480
0.800448
0.992518
-0.998373
-0.480479
0.999378
0.776062
-0.984045
0.999980
0.999898
-0.997681
-0.966756
0.992025
0.998123
-0.996567
-0.999900
0.851541
0.117800
0.995195
-0.828385
-0.772844
0.991201
0.452391
0.635533
-0.840677
0.133331
-0.999930
-1.000000
0.999490
0.998681
-0.985994
0.740978
0.938118
0.996247
-0.471886
-0.743370
-0.999957
0.999899
0.977512
0.147853
0.873600
0.999987
-1.000000
-0.998032
0.927308
0.992892
0.939373
0.994100
0.405382
-0.999902
0.999978
-0.852916
-0.999972
0.826716
-0.950869
-0.999967
-0.917062
0.665241
0.775145
0.940565
0.517826
0.506413
-0.265492
0.999982
0.961882
-0.990172
-0.976592
-0.999838
0.308248
-0.999665
0.901354
-0.947316
-0.982869
-0.999541
-0.998823
0.980258
-0.999997
-0.999970
0.998668
-0.999928
-0.745593
-0.011391
-0.094395
-0.998026
0.887252
-0.916296
-0.268787
-0.818008
-0.665729
0.165766
-0.991262
0.999298
0.705522
-0.999910
0.906151
0.999995
-0.762543
0.904572
0.982452
-0.993778
-0.159866
0.999903
0.878718
-0.998514
-0.996935
-0.006702
0.970943
0.999296
-0.998923
0.999813
-0.999999
-0.981708
0.307212
0.998921
-0.759871
0.742650
-0.999800
-0.986411
-0.988343
-0.883845
-0.466593
0.984462
-0.792368
-0.959631
0.035767
0.999950
0.981592
0.952918
0.997786
0.753543
0.949508
-0.415191
-0.926936
0.927736
0.985070
0.995067
0.999900
0.494544
-0.986105
-0.298216
0.974478
0.995829
-0.624751
-0.975571
0.900699
-0.990350
0.987405
0.999996
0.999733
0.988102
0.989909
0.999715
-0.995582
-0.879671
-0.999936
0.273543
0.999858
0.992676
0.955819
0.909354
-0.999896
-0.885363
0.980079
-0.399878
-0.986812
-0.810561
0.987119
-0.873266
0.999999
0.868234
-0.690395
-0.999929
-0.999812
0.999919
0.999993
0.998886
0.998960
-0.579915
-0.678334
0.990956
-0.999964
-0.998814
-0.974395
-0.999342
0.672205
-0.855594
-0.999474
0.935457
-0.991301
0.950066
0.990822
0.111460
0.593516
0.358172
-0.983867
0.999990
0.776321
-0.999409
-0.999461
-0.999829
-0.996801
0.998416
-0.313571
0.999449
-0.999712
-0.999488
